-0.043510 -0.200591 -0.300197 -0.330998 -0.359965 -0.386905 -0.411767 -0.434639 -0.455745 -0.475423 -0.494110 -0.512309 -0.530566 -0.549441 -0.569477 -0.641255 -0.702092 -0.774315 -0.814340 -0.900406 -1.080213 -1.162569 -1.232124 -1.260482 -1.319416 -1.297613 -1.216577 -1.177149 -1.027390 -0.907733 -0.844332 -0.779740 -0.415254 -0.318150 -0.275705 -0.237368 -0.203054 -0.063036 -0.051883 -0.062596 -0.071423 -0.094759 -0.108690 -0.139535 -0.155827 -0.188657 -0.204633 -0.219967 -0.234418 -0.279214 -0.291502 
0.002974 0.000812 0.002018 0.002631 0.003280 0.003887 0.004369 0.004655 0.004700 0.004498 0.004082 0.003519 0.002888 0.002273 0.001736 0.000851 0.000731 0.000720 0.000708 0.000657 0.000593 0.000608 0.000609 0.000598 0.000536 0.000545 0.000606 0.000633 0.000695 0.000675 0.000643 0.000605 0.000632 0.000682 0.000686 0.000674 0.000647 0.000466 0.000645 0.000759 0.000817 0.000928 0.000977 0.001054 0.001080 0.001092 0.001070 0.001027 0.000963 0.000768 0.001329 
-0.781174 -0.694292 -0.448097 -0.375874 -0.301073 -0.224564 -0.069889 0.081390 0.222994 0.349526 0.405825 0.543349 0.608720 0.634197 0.687906 0.700488 0.722378 0.733346 0.745411 0.775714 0.795122 0.817896 0.906942 0.980262 1.057961 1.131982 1.165015 1.237777 1.251222 1.258665 1.259983 1.227670 1.205356 1.144831 1.018408 0.967962 0.540101 0.474848 0.347939 0.287747 0.084059 0.010855 -0.017919 -0.041624 -0.060556 -0.093346 -0.098157 -0.098824 -0.094607 -0.086805 -0.082875 
0.003390 0.001063 0.000899 0.000966 0.000985 0.000959 0.000837 0.000722 0.000668 0.000652 0.000647 0.000632 0.000642 0.000660 0.000767 0.000818 0.000912 0.000939 0.000942 0.000881 0.000830 0.000777 0.000654 0.000618 0.000634 0.000698 0.000735 0.000789 0.000785 0.000774 0.000758 0.000694 0.000668 0.000612 0.000516 0.000483 0.000531 0.000556 0.000580 0.000581 0.000655 0.000741 0.000771 0.000782 0.000770 0.000625 0.000562 0.000522 0.000665 0.002632 0.004649 
0.492663 0.515503 0.553175 0.567136 0.577325 0.582310 0.562691 0.524854 0.470528 0.438062 0.364761 0.324915 0.031326 -0.007784 -0.045245 -0.114474 -0.202659 -0.251141 -0.272618 -0.328324 -0.344768 -0.375977 -0.391233 -0.406558 -0.438134 -0.454633 -0.471670 -0.489201 -0.507092 -0.590792 -0.612456 -0.618483 -0.611681 -0.537484 -0.508055 -0.438983 -0.360064 -0.318427 -0.276153 -0.192046 -0.075212 -0.009321 0.018725 0.090685 0.080624 0.028188 0.005581 -0.043484 -0.068521 -0.116063 -0.137265 
0.005593 0.003489 0.001473 0.001076 0.000868 0.000662 0.000642 0.000663 0.000675 0.000663 0.000589 0.000538 0.000518 0.000551 0.000574 0.000587 0.000566 0.000574 0.000592 0.000713 0.000775 0.000910 0.000971 0.001015 0.001022 0.000978 0.000907 0.000817 0.000723 0.000488 0.000499 0.000503 0.000490 0.000545 0.000586 0.000666 0.000699 0.000691 0.000670 0.000610 0.000541 0.000512 0.000496 0.000421 0.000470 0.000668 0.000750 0.000873 0.000887 0.000830 0.000837 
-0.669774 -0.651230 -0.632117 -0.612607 -0.592838 -0.532695 -0.512355 -0.491733 -0.449019 -0.426554 -0.352544 -0.325250 -0.296582 -0.170781 -0.137834 -0.104989 -0.041182 0.017658 0.091630 0.144935 0.157948 0.146852 0.132737 0.098589 0.009466 -0.016032 -0.042240 -0.095321 -0.146655 -0.170674 -0.193098 -0.213596 -0.231879 -0.247707 -0.271296 -0.278837 -0.284144 -0.273775 -0.264719 -0.253249 -0.205602 -0.185657 -0.087155 -0.057941 -0.026902 0.040540 0.153816 0.194127 0.400829 0.513825 0.546989 
0.000384 0.000344 0.000323 0.000294 0.000257 0.000189 0.000187 0.000186 0.000168 0.000152 0.000128 0.000133 0.000140 0.000125 0.000116 0.000110 0.000111 0.000116 0.000105 0.000082 0.000077 0.000082 0.000089 0.000103 0.000120 0.000125 0.000133 0.000163 0.000203 0.000220 0.000231 0.000233 0.000227 0.000213 0.000171 0.000151 0.000119 0.000122 0.000125 0.000126 0.000118 0.000113 0.000114 0.000119 0.000124 0.000127 0.000113 0.000110 0.000119 0.000620 0.001231 
0.592298 0.648090 0.681960 0.697458 0.773872 0.777251 0.780931 0.781632 0.782514 0.785426 0.792575 0.814613 0.825554 0.853394 0.870397 0.889487 0.910661 1.015528 1.113432 1.149184 1.263598 1.343656 1.502266 1.539562 1.668984 1.718150 1.738258 1.755291 1.787949 1.794735 1.793772 1.783266 1.761264 1.727466 1.681479 1.653831 1.623078 1.589257 1.552434 1.512707 1.327398 1.220918 1.164669 1.106544 1.046621 0.790493 0.722881 0.654164 0.584583 0.373839 0.304203 
0.000549 0.000137 0.000121 0.000115 0.000094 0.000100 0.000103 0.000101 0.000089 0.000092 0.000100 0.000117 0.000122 0.000126 0.000125 0.000121 0.000116 0.000091 0.000086 0.000088 0.000096 0.000094 0.000082 0.000085 0.000115 0.000114 0.000111 0.000108 0.000123 0.000135 0.000134 0.000122 0.000123 0.000163 0.000216 0.000230 0.000229 0.000214 0.000188 0.000160 0.000135 0.000151 0.000151 0.000147 0.000144 0.000185 0.000191 0.000188 0.000185 0.000603 0.001174 
-1.258383 -1.215662 -1.061858 -1.004001 -0.630493 -0.569235 -0.397185 -0.345072 -0.296120 -0.053859 -0.033325 0.021644 0.030165 0.053871 0.059077 0.064773 0.071358 0.088779 0.114404 0.150954 0.200585 0.230783 0.264724 0.438146 0.490507 0.546116 0.665925 0.729415 0.996743 1.196300 1.432290 1.482425 1.528099 1.568915 1.604515 1.658838 1.677048 1.689017 1.694595 1.672130 1.591073 1.551546 1.398865 1.337796 1.272373 1.130600 0.978253 0.899747 0.663199 0.586312 0.439406 
0.001195 0.000616 0.000131 0.000113 0.000097 0.000102 0.000105 0.000101 0.000095 0.000076 0.000080 0.000091 0.000093 0.000114 0.000120 0.000123 0.000124 0.000121 0.000117 0.000113 0.000110 0.000109 0.000108 0.000112 0.000112 0.000112 0.000106 0.000101 0.000079 0.000084 0.000134 0.000150 0.000164 0.000175 0.000182 0.000179 0.000169 0.000156 0.000142 0.000106 0.000104 0.000110 0.000130 0.000134 0.000136 0.000136 0.000139 0.000143 0.000149 0.000152 0.000227 
0.465803 0.257403 -0.101287 -0.325759 -0.438151 -0.944972 -1.193761 -1.142516 -1.018280 -0.372834 0.083809 0.206227 0.179806 0.190928 0.302108 0.710288 0.674911 0.453390 0.305793 0.159184 0.028319 -0.184621 -0.194222 -0.181532 -0.190748 -0.228208 -0.300687 -0.407994 -0.543443 -0.695819 -0.852234 -1.129773 -1.282279 -1.184928 -1.010335 -0.153294 0.125149 0.347997 0.502683 0.586163 0.255843 0.065174 -0.121564 -0.283493 -0.413270 -0.606121 -0.769778 -0.889180 -0.912503 -0.849982 -0.455367 
0.000378 0.000289 0.000305 0.000491 0.000476 0.000326 0.000763 0.001037 0.000763 0.000332 0.000296 0.000295 0.000492 0.000446 0.000279 0.000576 0.000558 0.001228 0.002553 0.002831 0.001640 0.001171 0.001115 0.004418 0.019154 0.041681 0.057468 0.054032 0.034704 0.014329 0.003264 0.000447 0.000346 0.000617 0.000662 0.002008 0.004748 0.006089 0.004488 0.001778 0.001770 0.004379 0.005713 0.004194 0.001693 0.000378 0.000336 0.000517 0.000503 0.000307 0.000298 
0.403233 0.501861 0.558966 0.550527 0.470507 0.017082 0.023797 0.188301 -0.000905 -0.163597 -0.468931 -0.586135 -0.533931 -0.061389 0.032320 0.083502 0.099730 0.112486 0.144314 0.195116 0.251275 0.297235 0.324854 0.343908 0.354053 0.376839 0.336768 0.278003 -0.118283 -0.216713 -0.155304 -0.085275 -0.121775 -0.164562 -0.210005 -0.525074 -0.509237 -0.384793 -0.177583 -0.071080 0.074609 0.100190 0.090478 0.080309 0.094083 0.123147 0.277104 0.294487 0.489110 0.470808 0.277445 
0.191856 0.116937 0.055349 0.018373 0.003637 0.000531 0.000542 0.000315 0.000501 0.000494 0.000322 0.000498 0.000509 0.001846 0.004703 0.006106 0.003325 0.005765 0.019021 0.028652 0.025238 0.013077 0.003347 0.000836 0.000849 0.000335 0.000520 0.000480 0.000304 0.000473 0.000486 0.001074 0.001843 0.001831 0.001044 0.000459 0.000502 0.000323 0.000515 0.000514 0.000325 0.000513 0.000494 0.000745 0.000972 0.000754 0.000479 0.000456 0.000306 0.000325 0.003559 
0.602935 0.430811 0.316361 0.072965 -0.136090 -0.146869 -0.133808 0.056422 0.182114 0.796243 0.899179 0.965685 1.004682 0.982255 0.400435 0.172538 0.172771 0.199543 0.399704 0.466604 0.303021 -0.041000 -0.580646 -0.651925 -0.640746 -0.561563 -0.444740 -0.218540 -0.061184 -0.068498 -0.076142 -0.064846 0.247344 0.624432 0.889072 0.936835 0.927214 0.860405 0.729480 -0.820857 -1.294901 -1.458592 -1.456923 -1.395151 -1.356158 -1.185979 -0.916491 -0.018925 0.191662 0.721691 0.914004 
0.004124 0.000680 0.000593 0.000348 0.000846 0.001227 0.000897 0.000564 0.000560 0.000802 0.001027 0.000752 0.000501 0.000506 0.000313 0.000840 0.001209 0.000879 0.000561 0.000553 0.000321 0.000380 0.001715 0.004010 0.005105 0.003744 0.001554 0.000351 0.001200 0.002159 0.002171 0.001180 0.000371 0.000361 0.001529 0.003604 0.004778 0.003648 0.001558 0.000314 0.000324 0.000336 0.000323 0.000503 0.000462 0.000310 0.000313 0.000561 0.000569 0.000480 0.004143 
-0.048486 0.205468 0.361583 0.410015 0.455652 0.498001 0.536642 0.571230 0.601493 0.648316 0.664688 0.684397 0.678895 0.669915 0.545640 0.519544 0.522266 0.528880 0.539224 0.553001 0.569802 0.610409 0.633050 0.679974 0.703096 0.725284 0.765100 0.796568 0.808583 0.824580 0.828501 0.829748 0.810044 0.799594 0.787187 0.738989 0.674650 0.649475 0.460222 0.350782 0.280686 0.248323 0.218528 0.149000 0.121580 0.109072 0.109239 0.113070 0.126001 0.134242 0.161580 
0.002375 0.000625 0.001097 0.001220 0.001298 0.001323 0.001294 0.001217 0.001105 0.000847 0.000733 0.000515 0.000496 0.000476 0.000415 0.000773 0.000872 0.000957 0.001017 0.001050 0.001054 0.000997 0.000949 0.000854 0.000816 0.000788 0.000758 0.000739 0.000726 0.000685 0.000658 0.000630 0.000549 0.000538 0.000529 0.000500 0.000449 0.000428 0.000421 0.000523 0.000580 0.000595 0.000600 0.000572 0.000573 0.000627 0.000716 0.000752 0.000761 0.000723 0.000638 
