-4 -3.919192 -3.838384 -3.757576 -3.59596 -3.434343 -3.272727 -2.949495 -2.545455 -2.464646 -2.383838 -2.30303 -2.141414 -1.575758 -1.414141 -1.090909 -1.010101 -0.9292929 -0.8484848 -0.6060606 -0.5252525 -0.3636364 -0.2828283 -0.2020202 -0.1212121 -0.04040404 0.04040404 0.1212121 0.2828283 0.4444444 0.6060606 0.7676768 0.8484848 1.010101 1.333333 1.414141 1.494949 1.656566 1.818182 2.141414 2.222222 2.464646 2.707071 2.868687 3.272727 3.353535 3.434343 3.515152 3.757576 4 
-0.1866 -0.1005 -0.1351 -0.1781 -0.0086 0.1611 0.0687 0.4803 0.822 0.72 0.8414 0.9014 0.9661 0.5559 0.4521 0.1759 0.1304 0.1688 0.0747 0.0851 -0.0202 0.0895 0.0927 0.1403 0.0802 0.0918 0.1357 0.2749 0.3813 0.4212 0.4984 0.5947 0.5466 0.6275 0.3844 0.3484 0.1928 0.0941 -0.1149 -0.2957 -0.4176 -0.3449 -0.3962 -0.3212 -0.2485 -0.2217 -0.2174 -0.1385 0.146 0.3061 
-3.838384 -3.757576 -3.59596 -3.434343 -3.272727 -3.191919 -2.949495 -2.868687 -2.787879 -2.707071 -2.626263 -2.545455 -2.30303 -2.222222 -2.060606 -1.979798 -1.656566 -1.494949 -1.414141 -1.090909 -1.010101 -0.6060606 -0.1212121 -0.04040404 0.2828283 0.3636364 0.6060606 0.8484848 1.010101 1.090909 1.171717 1.252525 1.333333 1.414141 1.575758 1.89899 1.979798 2.222222 2.30303 2.383838 2.464646 2.626263 2.707071 2.868687 3.111111 3.353535 3.434343 3.515152 3.59596 4 
0.7289 0.8177 0.6819 0.6145 0.5836 0.5684 0.4883 0.4471 0.3772 0.4261 0.3705 0.4033 0.4138 0.3975 0.4655 0.534 0.5483 0.6793 0.7365 0.6617 0.6372 0.4891 0.0718 0.0023 -0.1621 -0.3276 -0.3847 -0.4385 -0.3868 -0.4163 -0.3495 -0.3215 -0.3369 -0.4325 -0.2727 -0.3305 -0.2658 -0.3567 -0.3301 -0.328 -0.2916 -0.3121 -0.3588 -0.3436 -0.3446 -0.3425 -0.3104 -0.2611 -0.3264 -0.4238 
-4 -3.757576 -3.676768 -3.272727 -2.787879 -2.626263 -2.30303 -2.222222 -2.141414 -2.060606 -1.89899 -1.737374 -1.414141 -1.252525 -1.171717 -1.090909 -0.8484848 -0.5252525 -0.4444444 -0.3636364 0.04040404 0.2020202 0.4444444 0.5252525 0.6060606 0.6868687 0.8484848 0.9292929 1.090909 1.171717 1.333333 1.414141 1.575758 1.656566 1.89899 1.979798 2.060606 2.464646 2.545455 2.626263 2.707071 2.868687 3.191919 3.272727 3.353535 3.434343 3.515152 3.59596 3.676768 3.919192 
-0.3918 -0.2841 -0.2195 0.0152 -0.0936 -0.1802 -0.5048 -0.4396 -0.452 -0.4424 -0.5329 -0.4594 -0.4881 -0.4074 -0.346 -0.3298 -0.1704 0.067 0.0885 0.083 0.3742 0.477 0.2195 0.1672 0.1026 0.1014 -0.1359 -0.3806 -0.477 -0.5754 -0.665 -0.7173 -0.8464 -0.8179 -0.9842 -0.8508 -0.9378 -0.6986 -0.6342 -0.5492 -0.5492 -0.4514 -0.1901 -0.1527 -0.2489 -0.12 -0.1727 -0.0288 -0.0837 0.1109 
-4 -3.757576 -3.676768 -3.272727 -2.949495 -2.868687 -2.707071 -2.626263 -2.545455 -2.464646 -2.060606 -1.89899 -1.818182 -1.737374 -1.575758 -1.414141 -1.333333 -1.171717 -1.090909 -1.010101 -0.9292929 -0.5252525 -0.4444444 -0.2828283 -0.2020202 -0.1212121 -0.04040404 0.2828283 0.3636364 0.4444444 0.5252525 0.6868687 1.010101 1.333333 1.494949 1.575758 1.737374 1.818182 1.979798 2.545455 2.626263 2.707071 2.868687 3.111111 3.191919 3.272727 3.353535 3.515152 3.59596 3.676768 
0.7796 0.744 0.7753 0.504 0.3296 0.2597 0.1827 0.1797 -0.0074 -0.0319 -0.1897 -0.3073 -0.3527 -0.4032 -0.4367 -0.4845 -0.5044 -0.4435 -0.5745 -0.472 -0.4547 -0.3462 -0.2062 -0.0128 -0.0827 0.0295 0.0136 0.2273 0.3792 0.3558 0.3413 0.2825 0.2426 0.1209 0.0928 0.0207 0.0071 -0.0054 -0.1 -0.1835 -0.2783 -0.1826 -0.162 -0.2201 -0.2506 -0.2783 -0.2274 -0.2146 -0.2552 -0.1774 
-3.919192 -3.676768 -3.353535 -2.949495 -2.868687 -2.707071 -2.464646 -2.30303 -2.060606 -1.979798 -1.818182 -1.656566 -1.575758 -1.494949 -1.252525 -1.171717 -0.9292929 -0.8484848 -0.7676768 -0.6060606 -0.5252525 -0.3636364 -0.2020202 0.2020202 0.3636364 0.6060606 0.8484848 1.090909 1.171717 1.333333 1.575758 1.656566 1.818182 1.89899 2.060606 2.222222 2.30303 2.383838 2.626263 2.787879 2.868687 2.949495 3.030303 3.191919 3.272727 3.353535 3.515152 3.757576 3.838384 4 
0.1995 0.0815 0.0379 0.0322 0.0514 -0.0912 0.0611 -0.0376 0.0775 0.135 0.1537 0.1737 0.2608 0.1704 0.2377 0.2348 0.1458 0.2488 0.2322 0.2046 0.1543 0.2904 0.2671 0.0767 -0.0979 -0.2419 -0.4023 -0.5433 -0.5769 -0.6534 -0.7446 -0.8642 -0.8273 -0.813 -0.7225 -0.7166 -0.7589 -0.6694 -0.4018 -0.2595 -0.1442 -0.087 -0.1201 0.0195 0.0764 0.1182 0.117 0.1933 0.2089 0.2174 
-3.919192 -3.757576 -3.434343 -3.191919 -3.111111 -2.949495 -2.868687 -2.707071 -2.222222 -2.060606 -1.979798 -1.89899 -1.737374 -1.494949 -1.333333 -1.252525 -0.9292929 -0.8484848 -0.6868687 -0.6060606 -0.5252525 0.4444444 0.5252525 0.6868687 0.7676768 0.8484848 0.9292929 1.010101 1.090909 1.252525 1.333333 1.414141 1.494949 1.575758 1.656566 1.737374 1.818182 1.89899 1.979798 2.141414 2.222222 2.464646 2.707071 2.787879 3.111111 3.191919 3.272727 3.59596 3.676768 3.757576 
0.0439 0.0682 0.5152 0.4616 0.4821 0.5909 0.4083 0.4587 0.1308 -0.1204 -0.1435 -0.2111 -0.3147 -0.6531 -0.6612 -0.7449 -0.8567 -0.8447 -0.7839 -0.6895 -0.6163 0.2731 0.2989 0.4045 0.2849 0.2859 0.1645 0.1604 0.0832 -0.0594 -0.1746 -0.3396 -0.3303 -0.5258 -0.6169 -0.729 -0.8789 -0.8852 -0.9043 -1.0581 -1.1825 -1.241 -1.2806 -1.2682 -1.1962 -0.9496 -1.0383 -0.6981 -0.725 -0.5988 
-4 -3.757576 -3.676768 -3.59596 -3.191919 -3.111111 -2.949495 -2.787879 -2.222222 -2.060606 -1.979798 -1.818182 -1.656566 -1.414141 -0.8484848 -0.7676768 -0.5252525 -0.3636364 -0.2828283 -0.1212121 0.04040404 0.1212121 0.2828283 0.4444444 0.5252525 0.6060606 0.6868687 0.7676768 1.010101 1.090909 1.333333 1.414141 1.575758 1.818182 1.979798 2.060606 2.141414 2.30303 2.383838 2.464646 2.626263 2.707071 2.868687 3.030303 3.272727 3.353535 3.59596 3.676768 3.757576 3.838384 
0.6768 0.6129 0.6483 0.5354 0.507 0.6848 0.5477 0.7552 1.0873 1.0833 1.1309 1.1561 1.2507 1.1146 0.5771 0.4383 0.2062 0.007 -0.0226 -0.2084 -0.2215 -0.2874 -0.2518 -0.3303 -0.1165 -0.1276 -0.0993 -0.0561 0.102 0.0587 0.1771 0.0679 0.1302 0.0184 -0.0562 0.0111 -0.1218 -0.1753 -0.1686 -0.2098 -0.2519 -0.2916 -0.2703 -0.2061 -0.1823 -0.0695 0.0094 -0.0104 0.0022 -0.0545 
-3.919192 -3.838384 -3.59596 -3.272727 -3.191919 -3.111111 -3.030303 -2.949495 -2.787879 -2.626263 -2.464646 -1.89899 -1.575758 -1.494949 -1.414141 -1.333333 -1.171717 -1.090909 -0.9292929 -0.7676768 -0.5252525 -0.4444444 -0.2828283 -0.1212121 0.04040404 0.1212121 0.2020202 0.3636364 0.6868687 0.8484848 0.9292929 1.010101 1.090909 1.252525 1.414141 1.494949 1.575758 1.656566 1.737374 1.89899 2.060606 2.383838 2.707071 2.787879 2.949495 3.030303 3.191919 3.434343 3.59596 3.757576 
-0.2107 -0.2925 -0.4407 -0.4954 -0.4456 -0.4617 -0.4174 -0.3644 -0.2902 -0.1495 -0.0881 0.2471 0.091 0.0879 0.0221 0.0632 -0.0432 -0.1139 -0.0928 -0.1187 0.0201 0.0225 0.0408 0.2246 0.1574 0.1413 0.3053 0.3651 0.4919 0.6136 0.4956 0.5501 0.5005 0.5144 0.4391 0.5202 0.423 0.3043 0.412 0.298 0.4107 0.2803 0.5273 0.5452 0.7225 0.8031 0.8473 1.0394 1.0831 1.088 
-3.838384 -3.757576 -3.676768 -3.515152 -3.434343 -3.353535 -3.272727 -2.949495 -2.707071 -2.626263 -2.545455 -2.464646 -2.141414 -2.060606 -1.979798 -1.737374 -1.575758 -1.414141 -1.333333 -1.252525 -1.171717 -0.9292929 -0.8484848 -0.7676768 -0.5252525 -0.3636364 -0.2020202 -0.1212121 0.04040404 0.2828283 0.3636364 0.4444444 0.9292929 1.252525 1.333333 1.494949 1.656566 1.737374 1.818182 2.141414 2.383838 2.626263 2.868687 2.949495 3.030303 3.191919 3.353535 3.515152 3.676768 3.919192 
-0.3212 -0.3449 -0.3728 -0.4113 -0.3204 -0.4307 -0.3627 -0.2976 -0.1541 -0.129 -0.0805 -0.0626 0.0661 0.217 0.1851 0.3166 0.3086 0.3176 0.1796 0.178 0.2303 0.277 0.1921 0.1813 0.0691 0.1175 0.0598 0.0433 0.0944 0.0951 0.0831 0.1592 0.2967 0.2822 0.3505 0.2577 0.2073 0.1153 0.0378 -0.0023 -0.166 -0.1427 -0.282 -0.2828 -0.3299 -0.4708 -0.5571 -0.5743 -0.575 -0.4807 
-3.919192 -3.838384 -3.59596 -3.515152 -3.434343 -3.353535 -3.272727 -3.191919 -3.111111 -3.030303 -2.949495 -2.787879 -2.707071 -2.626263 -1.979798 -1.737374 -1.494949 -1.171717 -1.090909 -1.010101 -0.4444444 -0.2828283 0.04040404 0.2828283 0.3636364 0.5252525 0.6060606 0.7676768 0.8484848 1.252525 1.333333 1.494949 1.575758 1.656566 2.141414 2.222222 2.30303 2.383838 2.545455 2.626263 2.787879 2.868687 2.949495 3.030303 3.191919 3.59596 3.757576 3.838384 3.919192 4 
-0.6428 -0.6566 -0.519 -0.5009 -0.4983 -0.2098 -0.219 -0.1676 -0.2469 -0.244 -0.0866 -0.0864 0.0064 0.0966 0.2524 0.054 0.2237 0.0826 0.0514 0.0564 -0.1179 -0.0856 -0.0439 0.1455 0.1443 0.2137 0.2347 0.3301 0.2317 0.3991 0.3818 0.3182 0.4167 0.3441 0.3006 0.2991 0.2423 0.2152 0.3433 0.2398 0.3097 0.2597 0.3093 0.3063 0.2586 0.17 0.1141 0.0854 -8e-04 0.0084 
-4 -3.919192 -3.676768 -3.59596 -3.515152 -3.434343 -3.272727 -3.030303 -2.787879 -2.707071 -2.626263 -2.464646 -2.222222 -2.141414 -2.060606 -1.979798 -1.89899 -1.818182 -1.656566 -1.414141 -1.252525 -0.4444444 -0.2020202 -0.1212121 -0.04040404 0.04040404 0.6868687 1.010101 1.090909 1.252525 1.333333 1.575758 1.737374 1.818182 2.060606 2.141414 2.30303 2.464646 2.626263 2.707071 2.868687 3.030303 3.111111 3.191919 3.353535 3.515152 3.59596 3.757576 3.919192 4 
0.2221 0.3247 0.5886 0.7004 0.792 0.7578 0.8245 0.8767 0.8426 0.6975 0.6994 0.606 0.4165 0.4682 0.4398 0.3883 0.3149 0.2976 0.2679 0.2507 0.2942 1.0125 1.2749 1.3597 1.4873 1.5825 2.2557 2.3973 2.4933 2.5079 2.5006 2.4469 2.4424 2.4472 2.2699 2.2909 2.15 2.0194 1.8399 1.7774 1.615 1.441 1.336 1.2385 1.0664 0.8716 0.808 0.6288 0.4458 0.341 
-3.838384 -3.676768 -3.59596 -3.434343 -3.353535 -3.272727 -3.191919 -3.111111 -3.030303 -2.949495 -2.868687 -2.626263 -2.545455 -2.383838 -2.141414 -2.060606 -1.89899 -1.818182 -1.737374 -1.494949 -1.333333 -1.252525 -1.171717 -1.090909 -1.010101 -0.4444444 -0.2828283 -0.1212121 0.2020202 0.2828283 0.4444444 0.8484848 1.171717 1.252525 1.414141 1.656566 1.737374 1.818182 1.89899 1.979798 2.383838 2.464646 2.787879 2.868687 2.949495 3.191919 3.353535 3.434343 3.515152 3.919192 
-2.3872 -2.5234 -2.5497 -2.7071 -2.6675 -2.6921 -2.6566 -2.5902 -2.6964 -2.6709 -2.5254 -2.2821 -2.256 -2.1276 -1.9439 -1.8392 -1.6499 -1.6702 -1.5844 -1.4678 -1.4882 -1.5028 -1.5282 -1.5302 -1.5664 -1.86 -1.987 -2.1391 -2.3522 -2.3814 -2.4124 -2.4087 -2.1981 -2.2267 -2.014 -1.7891 -1.6221 -1.5459 -1.3722 -1.3176 -0.609 -0.4056 0.1074 0.2357 0.3187 0.5378 0.7123 0.7133 0.835 0.7338 
-4 -3.838384 -3.676768 -3.59596 -3.353535 -3.111111 -2.949495 -2.787879 -2.626263 -2.222222 -2.060606 -1.979798 -1.656566 -1.494949 -1.414141 -1.252525 -1.171717 -1.090909 -1.010101 -0.8484848 -0.7676768 -0.6868687 -0.6060606 -0.5252525 0.04040404 0.1212121 0.2020202 0.2828283 0.4444444 0.5252525 0.6868687 0.9292929 1.171717 1.252525 1.494949 1.656566 1.89899 2.30303 2.545455 2.626263 2.707071 2.787879 2.868687 3.030303 3.191919 3.434343 3.515152 3.676768 3.919192 4 
-2.1286 -2.1271 -2.158 -2.1308 -2.0403 -1.9265 -1.8521 -1.7058 -1.6607 -1.4609 -1.4804 -1.4606 -1.4066 -1.5065 -1.5351 -1.553 -1.5479 -1.5784 -1.6122 -1.5743 -1.5994 -1.6212 -1.6032 -1.5923 -1.3788 -1.2643 -1.2248 -1.1331 -0.9853 -1.0176 -0.7066 -0.4857 -0.2013 -0.0589 0.3029 0.5158 0.828 1.0739 1.1142 1.1412 1.1692 1.1011 1.0454 0.9272 0.7976 0.5624 0.4697 0.262 -0.0353 -0.0912 
-3.919192 -3.838384 -3.757576 -3.515152 -3.353535 -3.030303 -2.949495 -2.787879 -2.626263 -2.464646 -2.383838 -2.30303 -2.141414 -1.89899 -1.818182 -1.737374 -1.575758 -1.414141 -1.333333 -1.171717 -0.9292929 -0.5252525 -0.4444444 -0.3636364 -0.2828283 -0.2020202 0.2020202 0.3636364 0.5252525 0.7676768 0.8484848 0.9292929 1.010101 1.090909 1.252525 1.414141 1.575758 1.737374 1.89899 1.979798 2.222222 2.30303 2.545455 2.707071 2.868687 3.272727 3.353535 3.59596 3.676768 3.838384 
-1.5783 -1.523 -1.5289 -1.4856 -1.3849 -1.147 -1.1278 -0.9686 -0.9234 -0.7414 -0.6649 -0.6347 -0.504 -0.301 -0.2892 -0.2559 -0.1783 -0.0936 -0.0138 0.0061 0.0848 0.1653 0.158 0.1956 0.2193 0.203 0.4245 0.46 0.5539 0.6952 0.7595 0.8657 0.8721 0.9908 1.1236 1.1584 1.2824 1.3213 1.3652 1.3496 1.3339 1.2746 1.2779 1.1818 1.0972 0.742 0.655 0.5277 0.4898 0.4717 
-4 -3.919192 -3.757576 -3.59596 -3.515152 -3.272727 -2.868687 -2.787879 -2.707071 -2.626263 -2.545455 -2.383838 -2.222222 -2.060606 -1.979798 -1.89899 -1.818182 -1.737374 -1.656566 -1.575758 -1.171717 -1.090909 -0.7676768 -0.6868687 -0.4444444 -0.3636364 -0.2828283 -0.1212121 -0.04040404 0.1212121 0.2020202 0.6060606 0.6868687 0.9292929 1.010101 1.090909 1.171717 1.252525 1.414141 1.494949 1.575758 1.737374 1.979798 2.222222 2.464646 2.545455 2.626263 2.787879 3.515152 3.838384 
-0.4886 -0.3321 -0.1408 0.0879 0.1617 0.2398 0.342 0.3678 0.3772 0.3954 0.2378 0.2247 0.1609 0.0129 -0.0183 -0.09 -0.1784 -0.1864 -0.2697 -0.3507 -0.5229 -0.4892 -0.4807 -0.4508 -0.3218 -0.3054 -0.2546 -0.1375 -0.0957 0.0479 0.0666 0.2478 0.2463 0.2581 0.1811 0.1829 0.1915 0.1389 0.0481 -0.0669 -0.144 -0.3015 -0.5041 -0.7528 -1.0225 -0.9884 -1.0215 -1.0616 -1.0981 -0.8928 
-3.434343 -3.353535 -3.272727 -3.191919 -3.030303 -2.949495 -2.868687 -2.787879 -2.464646 -2.141414 -2.060606 -1.818182 -1.656566 -1.414141 -1.333333 -1.171717 -1.090909 -0.9292929 -0.6868687 -0.5252525 -0.4444444 -0.3636364 -0.2020202 -0.04040404 0.1212121 0.2020202 0.3636364 0.4444444 0.5252525 0.6060606 0.7676768 1.090909 1.333333 1.414141 1.575758 1.818182 1.979798 2.141414 2.222222 2.383838 2.464646 2.545455 2.949495 3.030303 3.111111 3.272727 3.515152 3.59596 3.676768 3.919192 
2.285 2.3442 2.3285 2.2752 2.3279 2.3363 2.293 2.2599 2.2311 2.1541 1.9776 1.908 1.7429 1.5417 1.49 1.3732 1.334 1.2482 1.2314 1.2181 1.1996 1.2171 1.2554 1.2279 1.2436 1.3389 1.3117 1.235 1.2069 1.2183 1.005 0.8676 0.5845 0.5623 0.396 0.1645 0.0329 0.007 -0.0724 -0.1217 -0.2116 -0.2424 -0.2402 -0.2554 -0.3539 -0.3466 -0.311 -0.3346 -0.2991 -0.4086 
-4 -3.59596 -3.434343 -3.272727 -3.191919 -3.111111 -2.949495 -2.626263 -2.545455 -2.383838 -2.30303 -2.141414 -2.060606 -1.89899 -1.818182 -1.737374 -1.656566 -1.414141 -1.090909 -0.4444444 -0.3636364 -0.2828283 -0.2020202 -0.1212121 -0.04040404 0.1212121 0.4444444 0.6868687 0.7676768 0.8484848 1.010101 1.090909 1.171717 1.333333 1.414141 1.494949 1.575758 1.656566 1.737374 1.979798 2.222222 2.545455 2.626263 2.787879 2.868687 2.949495 3.030303 3.191919 3.272727 3.919192 
-0.7913 -0.4598 -0.3281 -0.1372 -0.0426 0.005 0.2162 0.4624 0.4856 0.6227 0.6221 0.685 0.6684 0.6959 0.6952 0.7503 0.7089 0.6568 0.5882 0.5188 0.5387 0.4571 0.4858 0.4127 0.3589 0.3547 0.2487 0.0881 0.0831 -0.0284 -0.019 -0.0893 -0.0587 -0.1766 -0.1318 -0.1619 -0.1543 -0.1794 -0.1774 -0.1059 -0.0348 0.1507 0.1501 0.3525 0.4436 0.5282 0.626 0.7654 0.8475 1.4759 
-3.919192 -3.59596 -3.030303 -2.949495 -2.868687 -2.626263 -2.222222 -2.141414 -1.89899 -1.737374 -1.656566 -1.494949 -1.414141 -1.252525 -1.171717 -1.090909 -0.7676768 -0.6868687 -0.3636364 -0.2828283 -0.2020202 -0.04040404 0.2020202 0.2828283 0.5252525 0.6060606 0.7676768 0.8484848 0.9292929 1.010101 1.090909 1.171717 1.333333 1.494949 1.656566 1.737374 1.818182 1.89899 1.979798 2.141414 2.30303 2.545455 2.707071 2.787879 3.191919 3.353535 3.515152 3.676768 3.757576 3.919192 
-0.6197 -0.819 -0.538 -0.4524 -0.3208 0.05 0.629 0.6394 0.9712 1.022 1.1277 1.1753 1.2033 1.2614 1.2053 1.2261 1.1543 1.0465 1.043 1.0195 0.9529 0.9507 0.9324 0.9239 0.9626 0.9569 1.0536 1.1072 1.1117 1.1713 1.1622 1.2683 1.3167 1.391 1.5328 1.5893 1.6254 1.718 1.7273 1.8779 1.9473 2.1101 2.0916 2.0199 1.9217 1.8385 1.6908 1.5535 1.4854 1.305 
-4 -3.676768 -3.353535 -3.272727 -3.191919 -2.868687 -2.787879 -2.707071 -2.545455 -2.383838 -2.222222 -2.060606 -1.818182 -1.737374 -1.252525 -1.090909 -0.7676768 -0.6868687 -0.2828283 -0.2020202 -0.04040404 0.04040404 0.4444444 0.6060606 0.7676768 0.8484848 1.090909 1.171717 1.414141 1.494949 1.656566 1.818182 1.89899 2.060606 2.141414 2.383838 2.464646 2.787879 2.868687 2.949495 3.111111 3.191919 3.353535 3.434343 3.59596 3.676768 3.757576 3.838384 3.919192 4 
1.0931 0.9834 0.8251 0.7973 0.6986 0.349 0.319 0.2249 -0.0263 -0.2859 -0.5163 -0.7444 -1.0963 -1.1472 -1.6674 -1.8664 -2.1262 -2.0974 -2.3693 -2.4253 -2.449 -2.4546 -2.4688 -2.4034 -2.2901 -2.2545 -1.999 -1.9602 -1.6605 -1.5298 -1.4089 -1.2035 -1.1459 -0.9644 -0.9538 -0.7739 -0.6687 -0.6341 -0.589 -0.574 -0.5934 -0.6013 -0.5167 -0.5015 -0.5351 -0.4612 -0.5135 -0.4892 -0.4907 -0.3667 
-3.757576 -3.434343 -3.353535 -3.272727 -3.111111 -2.949495 -2.545455 -2.30303 -2.141414 -2.060606 -1.979798 -1.89899 -1.818182 -1.333333 -1.010101 -0.9292929 -0.7676768 -0.6868687 -0.6060606 -0.5252525 -0.4444444 -0.3636364 -0.1212121 0.2020202 0.2828283 0.3636364 0.7676768 0.8484848 0.9292929 1.090909 1.252525 1.333333 1.494949 1.575758 1.656566 1.737374 1.89899 1.979798 2.060606 2.222222 2.545455 2.626263 2.787879 3.030303 3.272727 3.353535 3.515152 3.59596 3.757576 3.838384 
0.5629 0.8468 0.9386 1.0138 1.1625 1.3402 1.6941 1.881 1.973 2.0109 2.0586 2.027 2.0934 2.0694 1.9623 2.0356 1.9076 1.8948 1.9305 1.9014 1.8606 1.9034 1.7658 1.6383 1.596 1.5353 1.4208 1.2824 1.2777 1.3168 1.354 1.3223 1.3855 1.373 1.428 1.4751 1.4721 1.5772 1.5821 1.6319 1.7254 1.7477 1.7664 1.7096 1.6365 1.5656 1.5302 1.4536 1.2755 1.2317 
-3.919192 -3.838384 -3.757576 -3.59596 -3.272727 -3.191919 -3.030303 -2.949495 -2.707071 -2.464646 -2.30303 -2.141414 -1.89899 -1.818182 -1.737374 -1.656566 -1.414141 -1.333333 -1.171717 -0.6868687 -0.6060606 -0.3636364 -0.2828283 -0.04040404 0.2828283 0.4444444 0.7676768 0.8484848 1.171717 1.252525 1.333333 1.414141 1.575758 1.656566 1.737374 1.89899 1.979798 2.060606 2.222222 2.30303 2.383838 3.030303 3.111111 3.191919 3.272727 3.353535 3.434343 3.515152 3.59596 4 
0.115 -0.2014 -0.5002 -0.941 -0.7024 -0.4901 -0.2263 -0.194 -0.5436 -0.8308 -0.8173 -0.5163 0.0747 0.1688 0.1583 0.0755 -0.5505 -0.6997 -0.5621 -0.265 -0.3589 -0.6395 -0.6735 -0.557 -0.3088 -0.4091 -0.592 -0.5176 -0.095 0.0077 0.1197 0.1775 0.2977 0.337 0.2077 0.0342 -0.1171 -0.1623 -0.2646 -0.3188 -0.4081 -0.0413 0.032 0.0845 0.092 0.08 0.0667 0.0994 0.1136 0.2706 
-4 -3.919192 -3.838384 -3.757576 -3.434343 -3.272727 -3.191919 -3.030303 -2.949495 -2.787879 -2.545455 -2.464646 -2.383838 -1.979798 -1.818182 -1.737374 -1.656566 -1.171717 -1.010101 -0.9292929 -0.7676768 -0.6060606 -0.4444444 -0.3636364 -0.1212121 -0.04040404 0.04040404 0.6868687 0.8484848 0.9292929 1.171717 1.252525 1.414141 1.656566 1.818182 2.141414 2.383838 2.464646 2.545455 2.626263 2.787879 3.030303 3.111111 3.272727 3.353535 3.59596 3.676768 3.838384 3.919192 4 
0.1363 0.2871 0.4395 0.5142 0.3615 0.4123 0.4885 0.3819 0.1757 -0.1686 -0.4611 -0.5198 -0.5123 0.2293 0.295 0.2058 0.0082 -0.3948 -0.0086 0.2863 0.6342 0.5165 0.0675 -0.1466 -0.0491 0.1395 0.2431 0.4738 0.5028 0.486 0.5575 0.5135 0.2957 -0.1671 -0.3549 -0.0573 0.068 0.0945 0.1737 0.1505 0.1532 -0.3177 -0.3043 -0.1519 -0.0291 0.0437 -0.0839 -0.3219 -0.4204 -0.4102 
-4 -3.838384 -3.59596 -2.949495 -2.868687 -2.787879 -2.545455 -2.383838 -1.818182 -1.656566 -1.494949 -1.414141 -1.333333 -1.252525 -1.010101 -0.8484848 -0.7676768 -0.6868687 -0.4444444 -0.2020202 -0.1212121 -0.04040404 0.1212121 0.2020202 0.2828283 0.4444444 0.6868687 0.7676768 0.8484848 0.9292929 1.010101 1.171717 1.252525 1.414141 1.494949 1.575758 1.818182 1.89899 2.060606 2.222222 2.464646 2.545455 2.707071 2.787879 2.868687 3.111111 3.353535 3.434343 3.59596 3.919192 
0.053 0.0463 0.159 0.3743 0.4092 0.4795 0.3867 0.279 -0.2152 -0.7572 -1.1853 -1.2446 -1.2081 -1.1096 -0.6753 -0.5169 -0.5292 -0.5976 -0.6998 -0.3697 -0.1625 0.075 0.4654 0.5938 0.7597 0.6955 0.3347 0.2434 0.0763 -0.0975 -0.1757 -0.4529 -0.5078 -0.5209 -0.5944 -0.7205 -1.1133 -1.0731 -0.5707 -0.0872 0.0322 0.0041 -0.1608 -0.2662 -0.3379 -0.1369 0.0129 -0.0859 -0.3483 -0.6125 
-3.838384 -3.676768 -3.515152 -3.434343 -3.353535 -3.030303 -2.868687 -2.787879 -2.707071 -2.626263 -2.464646 -2.222222 -2.141414 -2.060606 -1.979798 -1.818182 -1.252525 -1.090909 -0.9292929 -0.6868687 -0.4444444 -0.3636364 0.1212121 0.2828283 0.3636364 0.5252525 0.6868687 0.7676768 0.8484848 1.010101 1.090909 1.171717 1.252525 1.333333 1.494949 1.737374 1.818182 1.89899 1.979798 2.222222 2.626263 2.707071 2.787879 2.868687 2.949495 3.111111 3.353535 3.59596 3.757576 3.838384 
-0.1108 0.0746 0.3825 0.4347 0.5385 -0.0078 -0.5322 -0.6844 -0.7419 -0.7463 -0.7375 -0.4745 -0.3493 -0.2766 -0.0836 0.0378 -0.0213 -0.1575 -0.1039 0.1635 0.2085 0.1968 0.5197 0.7323 0.7821 0.7206 0.7415 0.568 0.4784 0.4218 0.5149 0.5689 0.6662 0.6655 0.5233 0.3734 0.3529 0.3583 0.2609 0.1717 0.2862 0.207 0.029 -0.2444 -0.4202 -0.6321 0.1596 0.4427 0.1493 0.0014 
-4 -3.676768 -3.515152 -3.434343 -3.353535 -3.191919 -3.111111 -2.868687 -2.707071 -2.626263 -2.545455 -2.464646 -1.979798 -1.818182 -1.737374 -1.575758 -1.252525 -1.171717 -1.010101 -0.9292929 -0.8484848 -0.7676768 -0.4444444 -0.3636364 -0.04040404 0.04040404 0.1212121 0.4444444 0.6060606 0.6868687 0.7676768 0.8484848 0.9292929 1.010101 1.333333 1.414141 1.818182 1.89899 1.979798 2.060606 2.464646 2.545455 2.707071 3.030303 3.111111 3.191919 3.272727 3.515152 3.676768 3.919192 
-0.0872 0.4614 0.7964 0.7166 0.6414 0.3557 0.2833 -0.1886 -0.5958 -0.5557 -0.411 -0.1558 0.5346 0.3936 0.3896 0.5679 0.7632 0.5685 0.2257 0.1795 0.2053 0.2755 0.3824 0.345 0.1883 0.2767 0.2677 0.2867 0.2909 0.2664 0.1924 -0.0031 -0.1827 -0.4025 -0.3965 -0.177 -0.1962 -0.3378 -0.4906 -0.5842 -0.53 -0.3749 -0.001 0.2778 0.21 0.1919 0.1433 0.3557 0.6176 0.5371 
-3.757576 -3.59596 -3.515152 -3.191919 -2.868687 -2.787879 -2.707071 -2.060606 -1.979798 -1.818182 -1.737374 -1.494949 -1.171717 -1.090909 -0.9292929 -0.6060606 -0.5252525 -0.4444444 -0.3636364 -0.04040404 0.04040404 0.1212121 0.2828283 0.4444444 0.6060606 0.6868687 0.7676768 0.8484848 1.010101 1.090909 1.171717 1.414141 1.494949 1.575758 1.737374 1.89899 1.979798 2.222222 2.545455 2.787879 2.868687 2.949495 3.111111 3.272727 3.434343 3.515152 3.59596 3.676768 3.838384 3.919192 
-0.1366 -0.088 0.012 -0.0153 -0.136 -0.0498 0.0311 0.0351 -0.0915 -0.2243 -0.2863 -0.2769 -0.8458 -0.9991 -0.9379 -0.4038 -0.3373 -0.2318 -0.25 0.1166 0.2827 0.3312 0.3655 0.3676 0.2957 0.2684 0.2917 0.3134 0.3167 0.2329 0.1129 -0.3883 -0.528 -0.5457 -0.5031 -0.3143 -0.1859 0.2291 0.4305 0.3805 0.4038 0.4376 0.4098 0.1756 -0.1375 -0.2332 -0.2574 -0.241 -0.0594 0.0357 
-4 -3.757576 -3.434343 -3.353535 -3.111111 -3.030303 -2.949495 -2.464646 -2.383838 -2.30303 -2.222222 -2.141414 -2.060606 -1.979798 -1.89899 -1.575758 -1.494949 -1.414141 -1.333333 -1.252525 -0.8484848 -0.7676768 -0.4444444 -0.2828283 -0.2020202 -0.1212121 0.1212121 0.3636364 0.6060606 0.9292929 1.090909 1.252525 1.333333 1.656566 1.818182 1.89899 1.979798 2.060606 2.141414 2.222222 2.30303 2.383838 2.949495 3.191919 3.353535 3.434343 3.59596 3.757576 3.919192 4 
-0.4343 -0.6737 -1.066 -1.1265 -1.2159 -1.1268 -0.9076 -0.0366 -0.0943 -0.1167 -0.1523 -0.1153 -0.0195 0.1251 0.2725 -0.0576 -0.2538 -0.3742 -0.5585 -0.5938 0.5336 0.678 0.4225 0.4029 0.486 0.6934 1.0192 0.8368 0.2968 -0.0042 0.0499 0.137 0.2084 0.3456 0.2843 0.2825 0.305 0.3041 0.3111 0.3586 0.3691 0.3352 0.1018 -0.0857 -0.0426 0.1042 0.277 0.3847 0.3634 0.2428 
-3.919192 -3.838384 -3.757576 -3.676768 -3.59596 -3.515152 -3.434343 -3.353535 -3.272727 -2.949495 -2.868687 -2.707071 -2.464646 -2.141414 -1.89899 -1.818182 -1.737374 -1.575758 -1.333333 -1.252525 -1.171717 -1.010101 -0.7676768 -0.6868687 -0.6060606 -0.4444444 -0.3636364 -0.04040404 0.2828283 0.3636364 0.7676768 1.010101 1.414141 1.575758 1.656566 1.979798 2.141414 2.383838 2.464646 2.545455 2.626263 2.707071 2.787879 2.949495 3.030303 3.191919 3.272727 3.59596 3.838384 3.919192 
-0.488 -0.3858 -0.348 -0.3563 -0.3944 -0.4863 -0.6212 -0.665 -0.6918 -0.2909 -0.16 -0.0067 -0.3029 -0.5539 -0.3241 -0.2799 -0.2875 -0.4407 -0.6395 -0.5278 -0.3502 0.0396 0.302 0.3519 0.3489 0.2907 0.2995 -0.2256 -0.253 -0.1151 0.0207 -0.0563 0.3894 0.3194 0.2008 0.1488 0.209 0.1538 0.048 -0.0266 -0.0078 0.0137 0.1614 0.4337 0.587 0.5283 0.4407 -0.0029 -0.3832 -0.451 
-3.919192 -3.59596 -3.434343 -3.353535 -3.191919 -3.111111 -3.030303 -2.868687 -2.464646 -2.383838 -2.222222 -1.89899 -1.818182 -1.494949 -1.414141 -1.333333 -1.171717 -1.010101 -0.8484848 -0.7676768 -0.6060606 -0.4444444 -0.2828283 -0.1212121 0.04040404 0.1212121 0.3636364 0.4444444 0.5252525 0.7676768 1.252525 1.333333 1.494949 1.575758 1.656566 1.89899 1.979798 2.060606 2.141414 2.222222 2.30303 2.383838 2.545455 2.626263 2.787879 2.868687 3.515152 3.59596 3.757576 4 
0.8403 0.5548 0.2482 0.1149 -0.0322 -0.0435 -0.1207 -0.1877 -0.0446 0.0587 0.262 0.4247 0.2499 -0.4081 -0.4163 -0.2917 -0.0587 2e-04 -0.1457 -0.2131 -0.3825 -0.2895 0.1059 0.4136 0.4876 0.3896 -0.2888 -0.4847 -0.7123 -0.7351 -1.2607 -1.239 -0.9703 -0.741 -0.5261 -0.0152 0.1605 0.1986 0.1455 0.0771 -0.0802 -0.214 -0.5303 -0.6364 -0.6883 -0.6675 0.0431 0.2174 0.1751 0.2393 
-3.919192 -3.838384 -3.757576 -3.676768 -3.515152 -3.272727 -2.707071 -2.626263 -2.464646 -2.383838 -2.30303 -2.060606 -1.979798 -1.89899 -1.818182 -1.656566 -1.494949 -1.414141 -1.333333 -1.252525 -1.171717 -0.4444444 -0.1212121 -0.04040404 0.2828283 0.3636364 0.4444444 0.5252525 0.6868687 0.7676768 0.8484848 0.9292929 1.010101 1.090909 1.333333 1.414141 1.494949 1.737374 1.818182 1.89899 2.545455 2.626263 2.868687 3.111111 3.191919 3.353535 3.434343 3.676768 3.757576 3.838384 
0.0025 -0.1334 -0.3093 -0.4108 -0.4593 -0.0404 0.0317 0.0992 0.3403 0.4738 0.5055 0.2231 0.0861 0.0063 -0.0361 -0.0161 -0.1624 -0.2551 -0.3921 -0.435 -0.4293 -0.2066 -0.2741 -0.3252 -0.5314 -0.4922 -0.4948 -0.3492 -0.1656 -0.079 0.0202 0.0377 0.121 0.1483 0.0522 0.0592 -0.007 -0.0348 -0.0987 -0.12 -0.2697 -0.1292 0.3726 0.355 0.2337 -0.1206 -0.2456 -0.2012 -0.1772 -0.1068 
-4 -3.919192 -3.838384 -3.676768 -3.59596 -3.434343 -3.353535 -3.272727 -2.949495 -2.868687 -2.787879 -2.545455 -2.464646 -2.060606 -1.89899 -1.818182 -1.414141 -1.333333 -1.090909 -0.9292929 -0.8484848 -0.7676768 -0.5252525 -0.4444444 -0.2828283 -0.2020202 0.1212121 0.2828283 0.3636364 0.5252525 0.6868687 0.7676768 1.090909 1.171717 1.414141 1.494949 1.575758 1.656566 1.89899 1.979798 2.222222 2.383838 2.626263 2.949495 3.030303 3.191919 3.353535 3.515152 3.676768 3.919192 
0.8993 0.8131 0.9403 0.8285 0.8898 0.7537 0.7088 0.7503 0.7591 0.7383 0.7086 0.7269 0.729 0.6017 0.5998 0.6083 0.5425 0.4986 0.4332 0.526 0.4811 0.483 0.6525 0.5352 0.5199 0.5081 0.6247 0.4919 0.5401 0.5954 0.5334 0.5571 0.4857 0.5433 0.5667 0.626 0.5475 0.7027 0.6371 0.7373 0.7452 0.7366 0.7229 0.7661 0.6129 0.6724 0.7063 0.7789 0.7331 0.6671 
-4 -3.838384 -3.59596 -3.353535 -3.030303 -2.949495 -2.868687 -2.787879 -2.707071 -2.626263 -2.464646 -2.383838 -2.30303 -2.141414 -2.060606 -1.979798 -1.818182 -1.494949 -1.252525 -1.010101 -0.9292929 -0.8484848 -0.6868687 -0.2828283 -0.2020202 -0.04040404 0.04040404 0.2020202 0.2828283 0.6060606 0.6868687 1.010101 1.090909 1.171717 1.252525 1.333333 1.414141 1.494949 1.656566 1.737374 1.979798 2.141414 2.383838 2.707071 3.030303 3.111111 3.191919 3.272727 3.59596 3.757576 
0.1034 -0.0014 0.0468 0.2893 0.4998 0.4779 0.3594 0.415 0.4569 0.5036 0.6288 0.5504 0.601 0.7101 0.6576 0.6863 0.6804 0.7906 0.807 0.7065 0.7556 0.7313 0.6633 0.7139 0.6815 0.6199 0.6809 0.6247 0.5955 0.5061 0.3392 0.3546 0.2306 0.2557 0.3187 0.2705 0.2126 0.0455 0.1136 -0.0528 -0.0324 -0.0268 -0.0816 -0.2246 -0.2765 -0.1603 -0.2051 -0.3161 -0.3829 -0.3388 
-4 -3.757576 -3.676768 -3.59596 -3.515152 -3.353535 -3.191919 -3.030303 -2.787879 -2.707071 -2.545455 -2.30303 -2.060606 -1.979798 -1.737374 -1.575758 -1.494949 -1.333333 -1.252525 -1.171717 -1.090909 -0.9292929 -0.7676768 -0.6060606 -0.5252525 -0.4444444 -0.2020202 -0.04040404 0.2020202 0.2828283 0.5252525 0.6060606 0.7676768 0.9292929 1.010101 1.090909 1.171717 1.575758 1.656566 1.737374 1.979798 2.060606 2.383838 2.545455 2.707071 2.787879 3.191919 3.272727 3.59596 3.676768 
0.3255 0.2767 0.2588 0.1823 0.3189 0.2836 0.3156 0.2296 0.2828 0.2139 0.2199 0.2671 0.3513 0.2518 0.303 0.1702 0.3174 0.378 0.3814 0.3176 0.2479 0.2717 0.3381 0.2487 0.2573 0.1167 0.2782 0.0605 0.2445 0.1436 0.1451 0.1865 0.0916 0.0588 0.0276 0.0099 0.0969 -0.0575 -0.0955 0.0831 -0.0375 0.1297 0.0696 0.0876 -0.0615 -0.0274 0.002 0.1131 0.1624 0.1073 
-3.838384 -3.676768 -3.59596 -3.515152 -3.434343 -3.353535 -3.191919 -3.030303 -2.787879 -2.464646 -2.383838 -2.060606 -1.89899 -1.818182 -1.575758 -1.494949 -1.414141 -1.333333 -1.171717 -1.010101 -0.9292929 -0.6060606 -0.4444444 -0.3636364 -0.2828283 0.04040404 0.1212121 0.2828283 0.8484848 0.9292929 1.252525 1.494949 1.575758 1.656566 1.737374 1.979798 2.060606 2.222222 2.464646 2.626263 2.868687 3.111111 3.191919 3.272727 3.434343 3.515152 3.676768 3.757576 3.838384 3.919192 
-0.6118 -0.5082 -0.3498 -0.452 -0.4707 -0.3668 -0.3549 -0.3476 -0.3174 -0.2264 -0.0664 -0.0712 -0.0187 0.0803 0.1043 0.1121 0.2002 0.2362 0.2376 0.2317 0.3844 0.4883 0.4209 0.5603 0.5447 0.5092 0.4376 0.5962 0.7438 0.6409 0.6244 0.6145 0.572 0.6294 0.5525 0.5385 0.5547 0.5941 0.463 0.3527 0.3086 0.2886 0.1811 0.2493 0.1815 0.1508 0.1033 0.0286 -0.0605 -0.07 
-4 -3.838384 -3.757576 -3.434343 -3.353535 -3.111111 -3.030303 -2.868687 -2.707071 -2.222222 -2.141414 -1.89899 -1.737374 -1.656566 -1.575758 -1.494949 -1.414141 -1.171717 -1.090909 -1.010101 -0.9292929 -0.7676768 -0.5252525 -0.4444444 -0.3636364 -0.2828283 -0.2020202 0.2020202 0.3636364 0.5252525 0.6868687 0.7676768 0.8484848 1.090909 1.171717 1.333333 1.414141 1.494949 1.575758 1.818182 2.060606 2.141414 2.383838 2.464646 2.626263 2.707071 2.949495 3.030303 3.353535 3.919192 
-0.0403 -0.0522 -0.0163 0.0512 0.0391 0.0936 0.0751 -0.0066 0.0512 0.0511 0.0571 0.0278 0.1811 -0.0028 0.0455 -0.1381 0.0614 -0.0044 -0.0359 0.0321 -0.0399 -0.0095 0.0872 -0.0951 -0.1641 0.0206 -0.108 -0.0877 -0.0675 -0.1057 8e-04 -0.0656 -0.0187 0.069 -0.0502 -0.0223 0.1782 0.0311 -0.0191 0.179 0.0588 0.0927 0.1222 0.056 0.1811 0.3388 0.3677 0.2877 0.2029 0.4277 
-3.919192 -3.515152 -3.353535 -3.272727 -3.191919 -3.111111 -3.030303 -2.868687 -2.787879 -2.707071 -2.545455 -2.060606 -1.89899 -1.737374 -1.656566 -1.252525 -1.171717 -1.090909 -0.6868687 -0.6060606 -0.5252525 -0.4444444 -0.3636364 -0.2828283 -0.04040404 0.04040404 0.2828283 0.4444444 0.5252525 0.6060606 0.6868687 1.010101 1.252525 1.494949 1.575758 1.656566 1.737374 1.818182 1.979798 2.141414 2.222222 2.464646 2.707071 2.949495 3.030303 3.353535 3.676768 3.757576 3.919192 4 
-0.9107 -0.7758 -0.7968 -0.8368 -0.8332 -0.7435 -0.7756 -0.6508 -0.6686 -0.5146 -0.6018 -0.4 -0.4946 -0.3361 -0.2106 -0.1601 -0.1832 -0.1534 -0.0675 -0.0393 0.0808 0.139 -0.0153 0.1577 0.34 0.27 0.3301 0.3755 0.3175 0.4316 0.4492 0.53 0.5738 0.658 0.6336 0.5693 0.6111 0.5553 0.6914 0.7511 0.7033 0.7777 0.8527 0.8028 0.8592 0.9308 0.8447 0.9462 0.8087 0.9681 
-3.919192 -3.59596 -3.515152 -3.434343 -3.353535 -3.191919 -3.111111 -2.949495 -2.868687 -2.787879 -2.707071 -2.545455 -2.30303 -2.222222 -1.818182 -1.737374 -1.656566 -1.575758 -1.414141 -1.333333 -1.252525 -1.090909 -1.010101 -0.9292929 -0.8484848 -0.7676768 -0.3636364 -0.2828283 -0.2020202 0.2828283 0.3636364 0.5252525 0.6060606 0.9292929 1.010101 1.090909 1.252525 1.333333 1.575758 1.656566 1.737374 1.818182 1.979798 2.060606 2.222222 2.464646 2.626263 2.868687 2.949495 3.353535 
0.4696 0.432 0.5224 0.5016 0.6129 0.5382 0.5187 0.598 0.5448 0.4871 0.6978 0.5902 0.5481 0.6396 0.5479 0.697 0.5201 0.588 0.6015 0.5554 0.5798 0.4683 0.5313 0.449 0.5959 0.4094 0.3524 0.3707 0.2151 0.192 0.389 0.3239 0.3293 0.191 0.1693 0.2341 0.1292 0.1732 0.2258 0.2118 0.2087 0.1313 0.0867 0.1464 0.2 0.3507 0.0425 0.1611 0.2291 0.1371 
-4 -3.919192 -3.757576 -3.676768 -3.59596 -3.353535 -3.030303 -2.626263 -2.464646 -2.383838 -2.30303 -2.060606 -1.414141 -1.090909 -1.010101 -0.8484848 -0.7676768 -0.6868687 -0.6060606 -0.4444444 -0.2828283 -0.2020202 -0.04040404 0.04040404 0.1212121 0.2020202 0.2828283 0.4444444 0.5252525 0.8484848 0.9292929 1.010101 1.171717 1.494949 1.575758 1.656566 1.737374 1.818182 2.222222 2.30303 2.383838 2.545455 2.707071 2.787879 2.868687 2.949495 3.272727 3.59596 3.676768 3.757576 
0.1361 -0.0974 -0.1239 -0.148 -0.1436 -0.15 -0.3006 -0.3158 -0.2902 -0.4459 -0.4263 -0.3548 -0.4294 -0.588 -0.4421 -0.5344 -0.4367 -0.4169 -0.4788 -0.6155 -0.5106 -0.4656 -0.4781 -0.5573 -0.4335 -0.5528 -0.4817 -0.547 -0.5126 -0.5267 -0.4729 -0.3895 -0.5038 -0.4156 -0.4749 -0.38 -0.4507 -0.4612 -0.3413 -0.3184 -0.5123 -0.3259 -0.5429 -0.3838 -0.5267 -0.4159 -0.3938 -0.2655 -0.3405 -0.4035 
-4 -3.919192 -3.838384 -3.757576 -3.59596 -3.353535 -3.191919 -3.111111 -3.030303 -2.707071 -2.626263 -2.464646 -2.383838 -2.30303 -2.141414 -2.060606 -1.818182 -1.737374 -1.656566 -1.494949 -1.414141 -1.333333 -1.252525 -0.9292929 -0.7676768 -0.6868687 -0.6060606 -0.4444444 -0.2020202 -0.1212121 -0.04040404 0.2020202 0.3636364 0.6868687 0.9292929 1.010101 1.090909 1.252525 1.494949 1.575758 1.737374 1.818182 2.30303 2.383838 2.464646 2.787879 3.191919 3.434343 3.515152 3.757576 
0.6223 0.4885 0.6 0.5166 0.4564 0.6006 0.5699 0.6219 0.6337 0.519 0.6522 0.5845 0.6178 0.5741 0.6133 0.7275 0.7342 0.6659 0.6627 0.7434 0.873 0.7559 0.711 0.783 0.9057 0.9328 0.8774 0.9319 1.0316 1.1095 1.0882 1.022 1.2246 1.1556 1.1693 1.1087 1.2653 1.2417 1.2666 1.0955 1.1323 1.0144 0.898 1.0408 0.977 0.9485 0.5987 0.6556 0.6668 0.4467 
-3.838384 -3.757576 -3.676768 -3.434343 -3.272727 -3.191919 -3.111111 -3.030303 -2.787879 -2.707071 -2.383838 -2.222222 -2.141414 -1.979798 -1.89899 -1.818182 -1.737374 -1.656566 -1.575758 -1.494949 -1.171717 -1.090909 -1.010101 -0.9292929 -0.6868687 -0.4444444 -0.1212121 -0.04040404 0.04040404 0.1212121 0.2828283 0.5252525 0.7676768 0.8484848 1.252525 1.333333 1.414141 1.737374 1.818182 2.141414 2.222222 2.545455 2.626263 2.787879 3.030303 3.111111 3.191919 3.515152 3.757576 3.838384 
0.518 0.504 0.5485 0.3692 0.4112 0.4623 0.4356 0.4441 0.4556 0.3836 0.3957 0.2885 0.2974 0.2659 0.328 0.2839 0.291 0.2075 0.2583 0.3089 0.1836 0.1048 0.1442 0.1802 0.0459 -0.0706 -0.0275 -0.0535 -0.2269 -0.1172 -0.1873 -0.2379 -0.3187 -0.3265 -0.352 -0.2988 -0.3867 -0.4846 -0.3687 -0.4216 -0.3972 -0.4447 -0.4207 -0.4942 -0.517 -0.4907 -0.5801 -0.5733 -0.5168 -0.5778 
-4 -3.919192 -3.838384 -3.515152 -3.191919 -3.030303 -2.868687 -2.707071 -2.464646 -2.383838 -2.30303 -1.89899 -1.656566 -1.494949 -1.333333 -1.252525 -1.090909 -1.010101 -0.9292929 -0.8484848 -0.6868687 -0.4444444 -0.2828283 -0.2020202 -0.04040404 0.2020202 0.2828283 0.3636364 0.4444444 0.6060606 0.6868687 0.7676768 0.9292929 1.010101 1.090909 1.171717 1.333333 1.656566 1.737374 1.818182 2.060606 2.222222 2.464646 2.707071 2.787879 2.868687 3.272727 3.353535 3.676768 3.919192 
0.1485 0.1664 0.1835 0.2029 0.2164 0.277 0.3231 0.3242 0.3655 0.3372 0.2609 0.3444 0.2546 0.2281 0.183 0.1643 0.1031 0.1254 0.102 0.08 -0.0028 -0.0528 -0.1079 -0.1217 -0.1803 -0.1806 -0.1446 -0.1608 -0.211 -0.1715 -0.1932 -0.1876 -0.1093 -0.1196 -0.0929 -0.1462 -0.1258 -0.1064 -0.1243 -0.1159 -0.1287 -0.1233 -0.0971 -0.0991 -0.0909 -0.1198 -0.0171 0.0142 0.0456 0.1385 
-4 -3.919192 -3.676768 -3.59596 -3.515152 -3.434343 -3.353535 -3.272727 -3.191919 -3.111111 -3.030303 -2.949495 -2.868687 -2.707071 -2.545455 -2.464646 -2.383838 -2.141414 -1.89899 -1.656566 -1.494949 -1.414141 -1.333333 -1.171717 -0.9292929 -0.8484848 -0.6868687 -0.4444444 -0.1212121 0.04040404 0.1212121 0.5252525 0.6868687 0.9292929 1.090909 1.252525 1.333333 1.656566 1.89899 1.979798 2.141414 2.222222 2.383838 2.464646 2.868687 2.949495 3.191919 3.353535 3.59596 3.757576 
-0.1065 -0.1357 -0.1264 -0.1454 -0.1814 -0.1518 -0.1484 -0.2028 -0.1133 -0.191 -0.1897 -0.1994 -0.2269 -0.25 -0.2365 -0.2673 -0.2647 -0.2741 -0.233 -0.1745 -0.2042 -0.2127 -0.2529 -0.2035 -0.2044 -0.2499 -0.2312 -0.197 -0.245 -0.2848 -0.241 -0.2893 -0.267 -0.2244 -0.1951 -0.1791 -0.2158 -0.1386 -0.1108 -0.1233 -0.0509 -0.0892 -0.0823 -0.1124 -0.0691 -0.0505 -0.0697 -0.0419 -0.0157 -0.0666 
-3.838384 -3.515152 -3.434343 -3.353535 -3.111111 -2.868687 -2.707071 -2.626263 -2.545455 -2.464646 -2.383838 -2.060606 -1.979798 -1.89899 -1.575758 -1.414141 -1.333333 -1.171717 -1.090909 -1.010101 -0.8484848 -0.7676768 -0.5252525 -0.3636364 -0.1212121 -0.04040404 0.04040404 0.1212121 0.2020202 0.2828283 0.6868687 1.010101 1.090909 1.333333 1.575758 1.656566 1.818182 2.383838 2.464646 2.707071 2.868687 2.949495 3.191919 3.434343 3.515152 3.59596 3.676768 3.757576 3.838384 4 
-0.3457 -0.306 -0.2722 -0.2773 -0.2563 -0.2155 -0.2005 -0.1662 -0.1942 -0.1 -0.1191 -0.1193 -0.0762 -0.0893 -0.0322 -0.0737 0.0334 -0.0175 -0.0291 -0.0642 -0.0909 -0.044 -0.1193 -0.102 -0.1108 -0.1417 -0.1858 -0.2003 -0.1937 -0.1746 -0.2404 -0.2654 -0.2819 -0.2822 -0.3077 -0.2746 -0.2792 -0.2814 -0.2761 -0.2784 -0.2162 -0.243 -0.2165 -0.2187 -0.1655 -0.1501 -0.1815 -0.1175 -0.1263 -0.111 
-4 -3.919192 -3.838384 -3.757576 -3.676768 -3.111111 -3.030303 -2.949495 -2.626263 -2.383838 -2.30303 -2.222222 -2.060606 -1.979798 -1.89899 -1.737374 -1.656566 -1.494949 -1.333333 -1.252525 -1.090909 -0.8484848 -0.7676768 -0.6060606 -0.3636364 -0.1212121 0.1212121 0.2020202 0.2828283 0.3636364 0.4444444 0.5252525 0.7676768 0.9292929 1.171717 1.333333 1.414141 1.575758 1.656566 1.737374 1.89899 2.141414 2.464646 2.787879 2.868687 3.111111 3.272727 3.434343 3.515152 3.59596 
0.155 0.1653 0.1527 0.1562 0.1598 0.0668 0.069 0.0884 0.0451 -0.0022 -0.0485 -0.0778 -0.1014 -0.1163 -0.0902 -0.162 -0.1503 -0.1643 -0.2282 -0.1486 -0.2141 -0.2019 -0.1853 -0.1827 -0.157 -0.1 -0.0359 -0.0127 -0.0444 -0.0013 0.0219 0.0587 0.0833 0.1059 0.188 0.1912 0.1493 0.1467 0.1441 0.1521 0.15 0.1424 0.0993 0.062 0.036 0.0625 0.0323 0.0241 0.0595 0.0258 
-4 -3.838384 -3.757576 -3.676768 -3.353535 -3.272727 -3.111111 -2.787879 -2.545455 -2.464646 -2.30303 -2.222222 -2.060606 -1.89899 -1.818182 -1.737374 -1.656566 -1.575758 -1.333333 -1.252525 -1.171717 -1.090909 -0.8484848 -0.6868687 -0.6060606 -0.4444444 -0.3636364 -0.2828283 -0.2020202 -0.04040404 0.2828283 0.3636364 0.5252525 0.6060606 0.6868687 1.171717 1.494949 1.575758 1.656566 1.737374 1.818182 1.979798 2.060606 2.141414 2.383838 2.464646 3.272727 3.353535 3.59596 3.919192 
-0.083 -0.1145 -0.1591 -0.193 -0.2334 -0.2331 -0.2142 -0.2281 -0.1917 -0.1679 -0.1387 -0.1488 -0.1099 -0.1058 -0.071 -0.0175 -0.0059 9e-04 0.03 -0.0047 0.0522 0.0156 0.055 -0.018 0.0346 0.0683 -0.0235 -0.0267 -0.0195 -0.0738 -0.0285 -0.0957 -0.0767 -0.0704 -0.0799 5e-04 0.0647 0.0555 0.0798 0.1112 0.1083 0.166 0.2002 0.1873 0.2252 0.1892 0.1218 0.1054 -0.0084 -0.0783 
-3.919192 -3.838384 -3.757576 -3.59596 -3.111111 -3.030303 -2.949495 -2.545455 -2.383838 -2.30303 -2.141414 -1.89899 -1.737374 -1.656566 -1.494949 -1.414141 -1.333333 -1.252525 -1.090909 -0.9292929 -0.6868687 -0.2828283 0.1212121 0.2020202 0.3636364 0.5252525 0.7676768 1.010101 1.090909 1.252525 1.575758 1.656566 1.737374 1.818182 1.89899 1.979798 2.060606 2.141414 2.222222 2.30303 2.707071 2.787879 2.868687 2.949495 3.353535 3.434343 3.59596 3.676768 3.919192 4 
0.0827 0.0479 0.0442 0.0714 0.0066 0.0099 0.0228 -0.083 -0.0922 -0.1069 -0.1272 -0.1607 -0.1182 -0.2029 -0.2343 -0.2016 -0.1852 -0.2255 -0.2255 -0.2494 -0.2283 -0.2554 -0.3115 -0.3365 -0.3127 -0.3732 -0.3281 -0.3891 -0.3686 -0.3474 -0.3576 -0.3024 -0.3752 -0.3291 -0.3428 -0.3064 -0.3409 -0.3609 -0.3015 -0.3515 -0.3348 -0.356 -0.372 -0.3455 -0.3096 -0.332 -0.2937 -0.3203 -0.2616 -0.2141 
-4 -3.919192 -3.838384 -3.757576 -3.59596 -3.272727 -3.111111 -2.787879 -2.707071 -2.626263 -2.545455 -2.464646 -2.222222 -2.141414 -1.818182 -1.656566 -1.494949 -1.333333 -1.171717 -1.090909 -1.010101 -0.9292929 -0.8484848 -0.7676768 -0.6060606 -0.5252525 -0.4444444 -0.2828283 -0.2020202 0.04040404 0.1212121 0.5252525 0.6868687 0.9292929 1.090909 1.333333 1.89899 2.060606 2.141414 2.222222 2.30303 2.464646 2.545455 2.626263 2.787879 3.030303 3.272727 3.757576 3.838384 4 
0.126 0.0982 0.0895 0.0431 0.0828 0.0378 0.0783 0.0317 0.0065 0.0144 -0.0125 -0.0043 -0.0401 -0.0715 -0.077 -0.0633 -0.0459 -0.0493 -0.0921 -0.0488 -0.0564 -0.0234 -0.0248 -0.0287 -0.0341 -6e-04 0.0016 0.0447 0.0118 0.0461 0.0752 0.0395 -0.016 -0.0654 -0.0416 -0.1113 -0.2226 -0.2621 -0.2641 -0.3115 -0.2192 -0.2944 -0.2919 -0.2728 -0.2472 -0.2052 -0.2233 -0.1045 -0.1256 -0.1193 
-4 -3.919192 -3.757576 -3.515152 -3.272727 -3.191919 -3.111111 -2.545455 -2.383838 -2.30303 -2.222222 -1.979798 -1.818182 -1.737374 -1.656566 -1.494949 -1.414141 -1.333333 -1.171717 -1.090909 -1.010101 -0.7676768 -0.4444444 -0.3636364 -0.2828283 -0.04040404 0.2828283 0.3636364 0.4444444 0.6060606 1.414141 1.494949 1.575758 1.737374 2.060606 2.141414 2.222222 2.383838 2.464646 2.626263 2.707071 2.787879 2.868687 3.111111 3.191919 3.353535 3.434343 3.515152 3.676768 3.919192 
0.0985 0.1186 0.0211 -0.0115 -0.1493 -0.1392 -0.1775 -0.3746 -0.3605 -0.3637 -0.4201 -0.4413 -0.3858 -0.4297 -0.3575 -0.3681 -0.3334 -0.3409 -0.3264 -0.2761 -0.2859 -0.2118 -0.1534 -0.0919 -0.0529 -0.0289 0.0064 0.0395 0.0831 0.0958 0.1446 0.1383 0.114 0.0896 0.0618 0.0198 0.0886 0.0254 0.0408 -0.0252 0.0303 -0.0029 -0.026 -0.0233 -0.0245 -0.0538 -0.0379 -0.0261 -0.1054 -0.0532 
-3.838384 -3.757576 -3.676768 -3.515152 -3.272727 -3.191919 -2.868687 -2.707071 -2.30303 -2.222222 -2.060606 -1.89899 -1.818182 -1.737374 -1.494949 -1.414141 -1.333333 -1.090909 -0.8484848 -0.7676768 -0.6868687 -0.6060606 -0.5252525 -0.4444444 -0.3636364 -0.2828283 -0.04040404 0.1212121 0.2828283 0.5252525 0.6060606 0.7676768 0.8484848 0.9292929 1.010101 1.171717 1.656566 2.30303 2.383838 2.545455 2.707071 3.111111 3.191919 3.353535 3.434343 3.59596 3.676768 3.757576 3.838384 4 
0.0409 0.0785 0.0513 0.1033 0.0982 0.0673 0.0413 0.033 0.0303 0.0376 0.053 0.0523 0.0976 0.0565 0.1377 0.1009 0.1458 0.1485 0.1419 0.1593 0.1593 0.1532 0.1149 0.1058 0.0876 0.1295 0.0436 -0.0293 -0.0088 -0.1023 -0.1278 -0.1621 -0.1551 -0.1992 -0.2 -0.2183 -0.1783 -0.0756 -0.1027 -0.0888 -0.0279 0.0479 0.0598 0.0781 0.0454 0.0772 0.1154 0.0919 0.0767 0.0996 
-4 -3.838384 -3.59596 -3.434343 -3.272727 -3.111111 -2.949495 -2.868687 -2.626263 -2.545455 -2.383838 -2.30303 -2.141414 -1.89899 -1.575758 -1.494949 -1.252525 -1.171717 -0.6868687 -0.6060606 -0.4444444 -0.3636364 -0.04040404 0.04040404 0.2020202 0.5252525 0.6868687 0.7676768 0.8484848 1.010101 1.090909 1.171717 1.414141 1.494949 1.575758 1.656566 1.737374 1.818182 1.89899 2.060606 2.787879 2.949495 3.030303 3.191919 3.272727 3.434343 3.515152 3.757576 3.919192 4 
-0.0952 -0.1744 -0.186 -0.2243 -0.1898 -0.249 -0.2993 -0.3079 -0.3822 -0.377 -0.4281 -0.4041 -0.4165 -0.4097 -0.3059 -0.3127 -0.2516 -0.1961 -0.0542 -0.0275 -0.031 0.0964 0.1463 0.1649 0.2059 0.2627 0.2788 0.2873 0.2796 0.3234 0.3069 0.3116 0.328 0.2957 0.3389 0.253 0.2768 0.288 0.2663 0.2397 0.0738 0.0771 0.0565 0.0787 0.0701 0.0522 0.0652 0.0317 0.0681 0.0615 
-3.838384 -3.676768 -3.434343 -3.353535 -3.272727 -3.191919 -2.949495 -2.868687 -2.787879 -2.545455 -2.464646 -2.222222 -2.060606 -1.494949 -1.414141 -1.252525 -1.171717 -0.9292929 -0.6060606 -0.5252525 -0.2020202 -0.04040404 0.04040404 0.1212121 0.2020202 0.3636364 0.6060606 0.6868687 0.7676768 0.8484848 1.090909 1.252525 1.333333 1.737374 1.818182 1.979798 2.060606 2.222222 2.30303 2.383838 2.464646 2.545455 2.787879 2.868687 3.272727 3.353535 3.434343 3.59596 3.676768 4 
-2.0634 1.0424 -2.7404 -4.6084 -5.6194 -6.6377 -4.9418 -4.6657 -4.1493 -2.9913 -2.6926 -4.4398 -1.774 -0.8462 -2.3553 -2.1372 -2.5987 -7.6377 0.191 0.7859 -0.3704 1.2641 2.1237 1.4727 -0.5251 -0.664 2.2361 2.5853 2.8755 2.1171 1.2934 -0.6408 -0.9871 -0.3843 0.9495 4.7582 5.144 2.2884 0.0845 -0.0528 2.0165 2.7325 -0.043 -1.8838 0.2739 -0.5297 -1.0572 -0.1888 0.8634 2.8837 
-4 -3.919192 -3.838384 -3.757576 -3.676768 -3.59596 -3.515152 -3.353535 -3.030303 -2.949495 -2.707071 -2.626263 -2.545455 -2.383838 -2.30303 -2.141414 -2.060606 -1.89899 -1.656566 -1.333333 -1.010101 -0.9292929 -0.8484848 -0.6868687 -0.6060606 -0.5252525 -0.4444444 -0.2020202 0.2020202 0.2828283 0.3636364 0.4444444 1.090909 1.414141 1.656566 1.737374 1.818182 1.89899 2.141414 2.222222 2.30303 2.383838 2.787879 2.868687 2.949495 3.353535 3.434343 3.757576 3.838384 4 
-4.5748 -5.6932 -6.7385 -4.858 -1.0005 2.2842 4.4478 5.3126 2.1174 4.5064 9.9808 6.4209 1.239 -5.2621 -5.2533 -0.5739 1.5515 -1.1091 -3.2064 -3.0218 -0.1616 0.7023 -2.2976 -3.4652 -2.1842 -1.5652 -3.4797 -3.8551 -0.1653 1.0198 0.5505 2.2013 -0.3701 4.9101 6.9049 3.2359 -1.8622 -4.3274 -6.8437 -5.1053 -2.2839 0.7397 1.4488 0.3623 -1.7663 -1.7676 -0.3611 4.6356 4.9588 2.3569 
-3.919192 -3.838384 -3.676768 -3.59596 -3.515152 -3.434343 -3.272727 -3.191919 -3.111111 -2.868687 -2.545455 -2.141414 -2.060606 -1.89899 -1.818182 -1.656566 -1.333333 -1.090909 -1.010101 -0.6060606 -0.5252525 -0.2020202 -0.1212121 -0.04040404 0.2828283 0.3636364 0.4444444 0.5252525 0.6060606 0.6868687 0.7676768 0.8484848 1.010101 1.333333 1.575758 1.737374 1.818182 1.979798 2.141414 2.30303 2.383838 2.545455 2.626263 2.787879 3.111111 3.191919 3.272727 3.676768 3.757576 3.838384 
-0.1853 0.0454 -2.6929 -3.6738 -4.3027 -4.281 -1.0992 1.7343 1.9172 -0.1991 -0.4645 -4.1167 -2.9478 0.1599 1.2349 0.5594 3.3917 -0.5133 -1.0519 -0.3127 1.9772 -4.4448 -4.7653 -4.1754 -2.5314 -1.8172 -0.3891 1.4536 2.4992 3.5721 3.1426 2.0414 1.4266 1.8642 -1.0514 2.0483 1.7299 -0.1337 0.9035 1.9178 3.4628 2.5674 1.5803 0.7721 1.677 4.2642 5.7898 1.204 2.3333 1.5631 
-4 -3.919192 -3.838384 -3.757576 -3.515152 -3.434343 -3.353535 -3.030303 -2.949495 -2.787879 -2.626263 -2.545455 -2.060606 -1.979798 -1.818182 -1.575758 -1.414141 -1.252525 -1.090909 -0.9292929 -0.6060606 -0.4444444 -0.3636364 -0.2828283 0.04040404 0.1212121 0.2828283 0.6060606 0.7676768 0.8484848 0.9292929 1.010101 1.252525 1.333333 1.656566 1.737374 1.979798 2.060606 2.141414 2.222222 2.383838 2.707071 2.787879 3.030303 3.191919 3.272727 3.353535 3.515152 3.676768 4 
0.7053 0.3479 -0.1262 0.0976 -0.9555 0.2374 1.8736 3.4949 5.4114 4.6499 1.4205 -1.0431 3.1425 3.4519 -4.0277 -6.4028 -3.5882 1.7535 2.8765 -0.4804 3.4098 -0.6479 0.6608 1.9128 -2.5254 -1.0636 2.2088 4.0184 2.2021 3.9192 5.1116 4.2523 -3.362 -3.5445 2.4949 0.2153 -2.116 -1.5666 0.2149 1.8391 -0.8571 1.5037 3.7526 5.0224 2.707 1.4379 -1.7972 -1.7496 -0.6153 -6.4221 
-3.919192 -3.838384 -3.676768 -3.59596 -3.434343 -3.191919 -2.868687 -2.787879 -2.707071 -2.30303 -2.141414 -2.060606 -1.89899 -1.737374 -1.252525 -1.090909 -1.010101 -0.9292929 -0.6060606 -0.5252525 -0.4444444 -0.2828283 -0.2020202 -0.1212121 0.04040404 0.1212121 0.2020202 0.6060606 1.010101 1.090909 1.333333 1.414141 1.575758 1.737374 1.818182 2.141414 2.222222 2.30303 2.383838 2.626263 2.868687 2.949495 3.030303 3.111111 3.353535 3.434343 3.59596 3.676768 3.757576 3.838384 
-0.0086 1.3542 0.7127 -0.7508 -0.5286 0.0634 -3.8204 -0.5689 1.4789 1.1286 0.4425 -1.2683 -1.1455 0.4353 -6.4514 -2.4324 -1.3808 -1.1722 -5.0661 -3.6674 -2.8973 -0.8821 -0.2783 -0.3005 0.4581 0.6669 2.2268 3.9823 4.1228 1.1911 -1.4472 0.1913 2.5206 0.1656 -0.8752 6.382 5.7881 2.1221 -1.1871 4.571 1.0131 -2.0354 -2.2014 -0.2238 -0.0728 0.078 -2.2309 -3.3515 -1.764 1.1869 
-3.919192 -3.59596 -3.515152 -3.434343 -3.272727 -3.030303 -2.949495 -2.787879 -2.30303 -1.89899 -1.818182 -1.737374 -1.656566 -1.575758 -1.494949 -1.414141 -1.252525 -1.171717 -1.090909 -1.010101 -0.5252525 -0.3636364 -0.2828283 -0.1212121 -0.04040404 0.04040404 0.2020202 0.2828283 0.3636364 0.4444444 1.090909 1.252525 1.333333 1.575758 1.656566 1.818182 1.979798 2.30303 2.626263 2.787879 2.868687 3.111111 3.191919 3.272727 3.353535 3.434343 3.515152 3.676768 3.838384 3.919192 
-2.3051 1.5 -0.5712 -2.0927 -4.9761 -3.7657 -2.5363 -1.4778 1.8015 4.2918 5.6618 7.8848 6.9889 4.8559 2.1218 -1.3767 -4.6199 -2.3243 -0.0595 2.0816 4.0268 1.5463 1.1953 2.7988 1.7935 1.8172 3.5365 3.0334 2.804 3.8978 4.3649 -0.4477 0.9274 3.8809 2.2873 -0.6215 -1.1882 -3.142 0.426 0.6204 0.3685 -1.0149 -1.2251 -2.6918 -4.2838 -3.7507 -1.6871 1.7625 1.4449 -0.957 
-3.838384 -3.757576 -3.676768 -3.59596 -3.191919 -3.111111 -3.030303 -2.787879 -2.707071 -2.626263 -2.30303 -2.141414 -2.060606 -1.979798 -1.737374 -1.575758 -1.333333 -1.090909 -0.9292929 -0.8484848 -0.7676768 -0.5252525 -0.4444444 -0.1212121 0.1212121 0.2020202 0.2828283 0.3636364 0.5252525 0.6060606 0.6868687 0.7676768 0.9292929 1.252525 1.414141 1.494949 1.737374 1.89899 1.979798 2.30303 2.383838 2.626263 2.787879 2.868687 2.949495 3.272727 3.353535 3.434343 3.59596 3.757576 
-1.6547 -3.1154 -2.7334 -0.7244 -3.6402 -4.1761 -3.2771 1.8022 0.4376 -0.847 3.7887 3.2816 4.0622 3.1362 -2.2437 -0.2625 -0.2282 -5.4488 -4.2066 -0.0311 2.4272 -1.5051 -2.3907 1.2976 4.2228 5.9284 6.6162 7.2616 5.2379 4.8572 2.6461 1.4692 -0.6677 0.5862 -5.0284 -5.3677 -0.2262 -3.0619 -2.7178 5.0937 4.9279 6.1589 1.5228 -0.3878 -1.4542 -2.5547 -2.0235 -2.5131 -4.2243 -0.2119 
-3.919192 -3.757576 -3.676768 -3.191919 -3.111111 -2.949495 -2.868687 -2.464646 -2.30303 -2.222222 -2.141414 -1.575758 -1.494949 -1.414141 -1.252525 -1.171717 -1.090909 -1.010101 -0.8484848 -0.7676768 -0.6060606 -0.4444444 -0.3636364 -0.1212121 -0.04040404 0.04040404 0.4444444 0.5252525 0.6060606 1.010101 1.333333 1.414141 1.575758 1.818182 1.89899 1.979798 2.060606 2.141414 2.383838 2.545455 2.626263 2.787879 2.868687 3.030303 3.111111 3.191919 3.272727 3.757576 3.919192 4 
8.9452 4.5671 3.4165 -0.2613 3.2015 3.9111 2.6146 -1.8743 2.8087 4.483 5.5445 -2.459 -5.4413 -5.7039 -5.3003 -5.2801 -3.942 -0.9672 3.3874 5.3537 8.9769 6.5858 3.358 1.9249 3.0109 3.1435 -0.7208 -1.4102 -2.7409 -0.3509 1.9122 1.3323 -2.5224 -0.9548 -0.004 -0.6905 -3.136 -5.4118 -2.4423 5.1706 6.4148 3.8003 3.1057 0.1014 -1.1422 -1.2988 -0.8625 -0.2458 3.2477 6.4127 
-4 -3.919192 -3.838384 -3.676768 -3.59596 -3.515152 -3.434343 -3.272727 -3.191919 -3.111111 -3.030303 -2.868687 -2.626263 -2.383838 -2.222222 -1.494949 -1.252525 -1.171717 -0.9292929 -0.7676768 -0.5252525 -0.3636364 -0.1212121 0.04040404 0.1212121 0.3636364 0.5252525 0.6868687 1.010101 1.090909 1.171717 1.333333 1.575758 1.656566 2.222222 2.30303 2.383838 2.545455 2.626263 2.707071 2.787879 2.949495 3.030303 3.111111 3.272727 3.434343 3.515152 3.59596 3.676768 3.919192 
4.828 4.7974 3.0391 0.1409 0.5802 2.2279 4.1847 3.2046 2.4418 1.0802 -0.8035 -4.5173 -5.206 0.3199 -1.9573 -1.5161 2.3989 4.3855 -0.5343 -0.6297 -0.5802 -0.2775 -4.6027 -1.2095 2.7039 6.887 2.7536 -0.888 3.3104 0.1794 -2.8985 -4.3382 1.2409 3.4178 -0.4401 -2.0957 -2.3852 -0.6128 -1.4777 -3.2885 -3.5328 -2.8462 -4.677 -7.8492 -7.9459 -5.6092 -7.2839 -6.8146 -4.9215 0.0017 
-3.919192 -3.515152 -3.434343 -3.353535 -3.272727 -3.191919 -2.949495 -2.868687 -2.787879 -2.626263 -2.545455 -2.464646 -2.383838 -2.30303 -2.060606 -1.89899 -1.737374 -1.494949 -1.414141 -1.252525 -1.171717 -0.4444444 -0.04040404 0.04040404 0.1212121 0.2020202 0.4444444 0.8484848 0.9292929 1.090909 1.252525 1.333333 1.575758 1.737374 1.818182 1.979798 2.060606 2.222222 2.383838 2.626263 2.707071 2.787879 2.868687 2.949495 3.272727 3.353535 3.515152 3.59596 3.757576 3.838384 
0.4014 2.5484 2.0981 1.3968 0.1653 -0.7223 -2.4206 -3.7901 -6.1325 -5.5791 -2.296 0.3661 0.0974 -0.9544 -2.3087 2.3216 0.0646 -4.8742 -4.7429 -1.8146 -0.184 1.1496 1.6834 0.1766 -0.9066 -0.7018 1.7437 6.3511 4.9396 5.3212 5.0537 3.528 -3.0052 -0.7913 1.0697 1.3638 0.3387 -2.2999 -6.388 -1.4753 0.0435 -0.2922 -1.9533 -3.4864 -6.977 -5.4456 1.2921 3.0987 2.8646 1.4557 
-4 -3.919192 -3.515152 -3.191919 -3.030303 -2.949495 -2.868687 -2.626263 -2.30303 -2.222222 -1.979798 -1.89899 -1.737374 -1.656566 -1.494949 -1.414141 -1.333333 -0.6868687 -0.5252525 -0.4444444 -0.2828283 -0.1212121 0.1212121 0.2828283 0.5252525 0.6060606 0.9292929 1.171717 1.333333 1.414141 1.494949 1.575758 1.737374 1.89899 2.060606 2.222222 2.30303 2.383838 2.464646 2.626263 2.707071 2.949495 3.030303 3.353535 3.515152 3.59596 3.676768 3.838384 3.919192 4 
3.0021 5.6007 8.1513 -3.0549 -1.8893 -4.7401 -6.9128 -9.7031 11.8211 8.5989 5.3552 6.7372 4.4415 4.2245 8.5911 8.589 9.6434 -1.9349 -4.3401 -7.1922 -7.4744 0.815 6.899 -3.0363 -12.2193 -9.9885 -1.1062 -5.1093 -3.7367 -3.4445 -4.6203 -3.5573 -3.6577 -5.9154 -3.5082 1.1028 0.9998 -0.3003 -2.4733 -4.7301 -4.9451 0.1417 1.257 -3.0346 -0.9138 0.297 -2.6364 -5.661 -5.3946 -5.717 
-4 -3.757576 -3.676768 -3.59596 -3.434343 -3.353535 -3.272727 -3.191919 -3.111111 -2.626263 -2.545455 -2.464646 -2.383838 -2.30303 -2.222222 -2.141414 -1.979798 -1.89899 -1.818182 -1.737374 -1.414141 -1.333333 -1.171717 -0.5252525 -0.4444444 -0.2828283 -0.2020202 0.2020202 0.3636364 0.4444444 0.5252525 0.6060606 1.090909 1.252525 1.575758 1.656566 1.737374 1.89899 1.979798 2.060606 2.141414 2.626263 2.787879 2.949495 3.272727 3.353535 3.434343 3.515152 3.59596 3.757576 
13.5616 -7.0707 -7.6142 -5.0042 1.8549 2.5084 1.669 2.8114 3.1583 -1.9648 -1.5322 3.2933 4.9645 6.0975 5.3515 6.5386 1.476 -4.0516 -7.5445 -6.6859 1.7118 2.5352 4.5559 -0.3498 -2.1978 -6.3378 -8.0016 -5.4069 -0.5186 2.0533 7.8058 9.151 0.6052 -0.7789 5.6803 5.6734 3.3389 -3.24 -4.5553 -1.385 -0.4105 -2.9749 -6.2001 -3.4352 3.5052 -1.124 -5.364 -6.2398 -7.3509 -2.3858 
-4 -3.919192 -3.838384 -3.272727 -3.191919 -3.030303 -2.949495 -2.545455 -2.30303 -2.141414 -2.060606 -1.89899 -1.575758 -1.494949 -1.333333 -1.090909 -0.9292929 -0.7676768 -0.6868687 -0.6060606 -0.5252525 -0.4444444 -0.2828283 0.04040404 0.2828283 0.3636364 0.6060606 0.7676768 1.010101 1.090909 1.171717 1.333333 1.414141 1.494949 1.656566 1.737374 1.818182 1.979798 2.060606 2.222222 2.626263 2.787879 2.868687 3.030303 3.272727 3.353535 3.515152 3.59596 3.676768 4 
1.7539 3.3769 2.9727 3.2078 4.947 6.2835 5.2598 4.8953 2.6083 -7.4119 -9.1919 -6.9538 7.7859 7.356 0.9961 -8.5084 -11.0039 -8.8999 -5.8443 -3.8235 0.5732 4.8752 9.9424 1.4076 -1.9658 3.2235 12.4325 10.3928 7.7982 9.9924 11.1735 7.6103 8.9817 9.2542 7.0856 5.7161 2.828 -6.535 -9.7296 -13.8607 -8.1615 -10.2846 -8.7527 -3.342 6.6983 10.1576 13.9214 15.189 14.2337 1.4903 
-4 -3.515152 -3.434343 -3.353535 -3.272727 -2.707071 -2.626263 -2.464646 -2.383838 -2.30303 -2.141414 -2.060606 -1.89899 -1.818182 -1.575758 -1.494949 -1.333333 -1.090909 -1.010101 -0.9292929 -0.8484848 -0.7676768 -0.6868687 -0.5252525 -0.4444444 -0.3636364 -0.2828283 -0.2020202 0.04040404 0.1212121 0.2020202 0.2828283 0.3636364 0.6060606 0.7676768 1.252525 1.333333 1.414141 1.494949 1.656566 1.818182 1.89899 2.545455 2.787879 2.868687 3.030303 3.111111 3.191919 3.515152 3.919192 
3.95 7.7921 5.5718 4.0403 -0.26 -3.6234 -5.4937 -7.9305 -8.7589 -6.3828 -6.7109 -7.4303 -1.5624 0.0844 9.2684 10.2146 9.5828 -0.4293 -1.0844 0.0282 4.4337 7.8145 7.634 5.8954 7.0321 5.6102 2.1523 -0.3195 -0.4885 2.1464 3.6514 0.6745 -5.5094 -10.1498 5.0828 12.5485 11.9222 7.512 0.8 -8.4912 -3.6755 1.5483 3.3824 2.5034 -1.769 -3.5196 -1.4804 2.3137 2.7548 -4.048 
-4 -3.676768 -3.515152 -3.434343 -3.353535 -3.272727 -3.111111 -2.949495 -2.868687 -2.545455 -2.222222 -2.141414 -1.979798 -1.89899 -1.737374 -1.575758 -1.494949 -1.252525 -1.010101 -0.9292929 -0.5252525 0.2020202 0.6868687 0.7676768 0.8484848 1.090909 1.171717 1.252525 1.333333 1.494949 1.656566 1.818182 1.89899 1.979798 2.060606 2.141414 2.222222 2.464646 2.626263 2.868687 2.949495 3.111111 3.191919 3.272727 3.434343 3.59596 3.676768 3.757576 3.838384 4 
1.6339 7.303 1.4761 1.6005 0.6231 -0.0217 -0.7729 3.3704 1.5768 1.4514 -8.4745 -6.9597 -2.7739 -1.4099 4.9626 3.4765 4.3857 12.6969 5.9389 5.1253 0.7665 0.9986 4.1963 9.5932 12.2522 3.4024 1.3491 1.8002 5.604 6.5971 -2.2193 -5.9824 -9.0276 -10.3162 -11.4822 -12.3262 -11.2491 -7.4434 -7.1165 -1.6917 0.3754 7.1348 10.1801 11.1109 8.415 -9e-04 -2.8055 -1.9716 1.2812 4.1531 
-3.757576 -3.59596 -3.434343 -3.353535 -3.272727 -3.030303 -2.949495 -2.868687 -2.545455 -2.383838 -2.222222 -2.141414 -2.060606 -1.89899 -1.656566 -1.494949 -1.414141 -1.252525 -1.171717 -1.090909 -0.9292929 -0.8484848 -0.7676768 -0.6060606 -0.5252525 -0.2828283 -0.04040404 0.04040404 0.1212121 0.2828283 0.3636364 0.6060606 0.6868687 0.7676768 0.8484848 0.9292929 1.171717 1.333333 1.414141 1.494949 1.575758 1.89899 1.979798 2.141414 2.30303 2.626263 2.868687 3.434343 3.757576 3.838384 
3.6958 4.9955 1.3311 1.361 5.8154 11.4163 9.7558 5.6785 0.6663 4.3169 5.46 3.6785 4.3647 2.0114 -4.5902 -1.0254 4.2499 9.0756 7.1265 0.2374 -5.2244 -2.3389 2.6743 0.2091 -1.2923 3.4847 5.7356 5.5999 5.1475 2.0695 3.3139 0.1757 -1.6185 -5.1594 -4.4504 -5.1014 -3.1486 2.3439 2.5117 3.463 3.569 5.2144 4.8629 3.4271 5.9249 -5.831 -10.8798 -1.0042 2.3851 4.5864 
-3.919192 -3.838384 -3.676768 -3.191919 -3.111111 -2.787879 -2.464646 -2.222222 -2.141414 -2.060606 -1.89899 -1.818182 -1.656566 -1.414141 -1.333333 -1.252525 -1.090909 -0.9292929 -0.7676768 -0.6060606 -0.2828283 -0.04040404 0.04040404 0.2828283 0.3636364 0.5252525 0.6060606 0.6868687 0.7676768 0.9292929 1.010101 1.171717 1.252525 1.333333 1.414141 1.494949 1.575758 1.656566 1.737374 1.89899 2.060606 2.222222 2.30303 2.383838 2.707071 2.949495 3.111111 3.353535 3.515152 3.919192 
6.7492 6.8674 7.5532 3.685 0.1843 1.6884 5.3433 -0.5048 -1.7936 -3.5237 0.8589 4.5866 2.1229 -3.0352 -2.3081 1.6887 3.5666 0.2319 1.3836 1.4879 10.9884 1.1119 -1.1618 0.4735 0.6328 -1.5239 -4.2673 -4.4986 -2.928 -1.1425 0.3457 0.7515 -0.3344 1.6805 3.8617 7.303 5.703 5.3701 1.0346 -1.9506 2.8392 7.3279 8.3391 7.2329 5.3876 6.7974 2.7341 -1.1615 0.191 -4.1933 
-4 -3.838384 -3.515152 -3.434343 -3.191919 -3.030303 -2.868687 -2.626263 -2.464646 -2.30303 -2.222222 -2.141414 -2.060606 -1.89899 -1.737374 -1.575758 -1.494949 -1.333333 -1.252525 -0.8484848 -0.7676768 -0.4444444 -0.2828283 -0.1212121 0.04040404 0.2020202 0.6060606 0.6868687 0.7676768 0.8484848 0.9292929 1.010101 1.171717 1.656566 1.737374 1.818182 1.89899 1.979798 2.060606 2.141414 2.222222 2.383838 2.464646 3.353535 3.434343 3.515152 3.757576 3.838384 3.919192 4 
-3.4985 -1.9144 5.6235 5.6688 8.3698 11.5534 4.4738 -6.9024 -3.6788 -1.1611 2.8136 5.2577 4.1949 -1.2297 -3.0463 3.9407 3.211 -0.1111 -0.8202 -7.2144 -4.2558 -4.3439 0.3867 0.3647 1.6962 2.4859 -12.6807 -9.5866 -6.4746 -4.244 -5.2396 -8.8686 -11.4493 -5.7842 -9.3793 -7.7463 -4.8994 1.2681 6.0445 9.0061 8.9239 8.8213 10.307 -1.508 -4.3816 -2.9079 8.7184 5.6406 1.7731 -2.4364 
-4 -3.838384 -3.757576 -3.515152 -3.353535 -3.272727 -3.111111 -3.030303 -2.868687 -2.707071 -2.626263 -2.545455 -2.464646 -2.383838 -2.141414 -2.060606 -1.575758 -1.494949 -1.414141 -1.333333 -1.090909 -1.010101 -0.6060606 -0.5252525 -0.4444444 -0.3636364 -0.2828283 -0.04040404 0.1212121 0.2828283 0.3636364 1.010101 1.414141 1.575758 1.656566 1.818182 2.060606 2.141414 2.30303 2.464646 2.707071 2.868687 3.030303 3.272727 3.353535 3.515152 3.59596 3.676768 3.757576 4 
-6.3645 -0.1388 -0.1468 1.4955 2.3289 -2.0575 -10.9512 -10.0118 -8.5965 -7.6768 -5.7831 -4.5782 -1.3715 2.6088 9.2192 7.7803 2.0918 4.4182 6.019 8.9017 11.8366 10.9836 5.1445 9.2286 13.1945 15.2252 16.9209 5.6173 7.6185 11.0144 9.1952 -7.148 1.8664 -0.3477 0.5291 5.5324 -4.0079 -4.3088 -5.6065 -8.8152 -10.1005 -6.1144 -7.4457 -7.3468 -5.3737 -1.1841 -2.3299 -3.3145 -3.8636 6.491 
-4 -3.919192 -3.838384 -3.676768 -3.59596 -3.111111 -2.949495 -2.868687 -2.787879 -2.707071 -2.30303 -2.222222 -2.060606 -1.979798 -1.89899 -1.818182 -1.575758 -1.494949 -1.414141 -1.333333 -1.252525 -1.090909 -0.9292929 -0.5252525 -0.4444444 -0.3636364 -0.2828283 -0.1212121 -0.04040404 0.1212121 0.2020202 0.2828283 0.5252525 0.6868687 0.7676768 0.8484848 1.010101 1.171717 1.656566 1.818182 1.89899 2.30303 2.707071 2.868687 2.949495 3.030303 3.434343 3.838384 3.919192 4 
-11.3148 -10.7489 -6.8754 4.9338 9.6245 -11.1736 -7.7703 -2.0456 4.4695 8.1899 -6.8206 -5.9086 -6.1014 -4.7417 -4.0213 -1.8114 -3.871 -4.4367 -5.0895 -5.34 -4.5082 0.4193 -0.6297 -2.4897 -1.0247 -1.8301 -3.9588 -9.9257 -8.37 2.7779 8.2943 8.2733 3.7302 -2.8506 -3.3528 -2.358 -5.7093 -6.2411 1.2111 4.5078 7.2848 6.6602 -2.0256 -4.3345 -4.8285 -5.6554 4.3445 0.1942 -4.648 -5.3444 
-4 -3.676768 -3.59596 -3.515152 -3.353535 -3.111111 -3.030303 -2.868687 -2.707071 -2.626263 -2.383838 -2.30303 -2.222222 -2.141414 -2.060606 -1.979798 -1.89899 -1.333333 -1.252525 -1.090909 -1.010101 -0.9292929 -0.6868687 -0.5252525 -0.4444444 -0.1212121 -0.04040404 0.4444444 0.5252525 0.6060606 0.6868687 0.7676768 0.8484848 0.9292929 1.010101 1.171717 1.414141 1.656566 1.818182 1.89899 1.979798 2.141414 2.545455 3.030303 3.111111 3.272727 3.353535 3.59596 3.757576 3.919192 
-3.6203 1.5654 0.9812 -0.5563 -0.3834 1.261 -1.73 -3.4363 -4.4988 -3.1806 -1.564 1.6497 -1.036 -0.3832 2.9985 -0.0943 -0.9662 -1.6162 -2.649 -1.5256 -0.7892 2.8045 -1.1979 -1.5177 -0.8336 0.6348 -2.9035 -4.8057 -4.5322 -2.577 -1.3561 0.0885 1.6226 1.7584 1.1384 -2.4567 -0.0067 2.0517 -3.1449 -2.4205 1.2614 0.9486 1.1626 -0.0142 -0.8358 -3.0008 -4.8576 -0.8269 -0.1949 1.7847 
-3.919192 -3.757576 -3.676768 -3.515152 -3.353535 -3.272727 -3.191919 -3.111111 -2.868687 -2.545455 -2.464646 -2.383838 -2.30303 -2.222222 -1.979798 -1.89899 -1.252525 -1.090909 -0.9292929 -0.8484848 -0.6060606 -0.5252525 -0.2020202 0.1212121 0.3636364 0.4444444 0.6060606 0.6868687 0.8484848 1.171717 1.252525 1.414141 1.656566 1.737374 1.89899 2.060606 2.383838 2.545455 2.707071 2.787879 2.868687 2.949495 3.353535 3.434343 3.515152 3.59596 3.676768 3.757576 3.919192 4 
-2.7953 -1.8077 1.7966 1.725 2.2435 -1.119 -1.0262 -1.2471 1.1937 -2.8737 -3.829 -1.0604 -3.2766 -0.6694 0.4917 1.5205 0.2064 0.187 0.8506 -0.8996 0.9285 2 -2.0598 -2.348 1.6463 -1.5081 0.1287 -2.7495 -0.321 1.2942 0.8015 0.6384 1.1034 3.6419 2.0971 -1.1778 1.1196 2.2047 2.8482 3.5632 -0.9157 -1.0473 4.1537 2.2852 2.7262 2.6917 1.4484 -1.4733 -1.1825 -0.4922 
-4 -3.919192 -3.757576 -3.676768 -3.59596 -3.434343 -3.272727 -3.191919 -3.030303 -2.626263 -2.545455 -2.383838 -2.222222 -2.141414 -2.060606 -1.818182 -1.737374 -1.575758 -1.090909 -1.010101 -0.7676768 -0.6868687 -0.2828283 0.1212121 0.2020202 0.4444444 0.5252525 0.6060606 0.7676768 0.8484848 1.090909 1.171717 1.333333 1.414141 1.494949 1.656566 1.737374 2.141414 2.30303 2.464646 2.545455 2.707071 2.868687 2.949495 3.111111 3.191919 3.272727 3.434343 3.59596 3.676768 
1.1817 -1.0124 -1.1475 -0.5715 -0.7742 -3.2536 0.0815 0.3116 -0.3112 -0.2507 -2.2656 1.4217 2.4762 1.5639 4.625 2.2907 1.4765 0.4831 -0.5247 -1.092 2.0282 -0.1696 2.1386 0.4736 1.103 2.7512 -3.732 -1.4151 -0.7164 -1.4011 -0.7038 -0.9215 -3.1697 -5.198 -2.6826 0.34 0.488 2.8666 -3.7988 -0.9154 1.6406 2.8372 0.74 2.5746 -0.6425 0.5238 -1.639 -1.2791 -2.9834 -2.9786 
-4 -3.919192 -3.757576 -3.676768 -3.59596 -3.191919 -3.111111 -3.030303 -2.949495 -2.626263 -2.545455 -2.464646 -2.383838 -2.30303 -2.060606 -1.979798 -1.89899 -1.737374 -1.414141 -1.333333 -1.252525 -1.171717 -1.090909 -0.8484848 -0.6868687 -0.5252525 -0.4444444 -0.3636364 -0.2828283 -0.1212121 0.3636364 0.6868687 0.7676768 0.8484848 0.9292929 1.010101 1.171717 1.252525 1.414141 1.737374 1.818182 1.89899 2.626263 2.868687 2.949495 3.111111 3.191919 3.272727 3.434343 3.59596 
-0.6891 1.2947 0.0286 -0.8171 -0.5605 -0.9035 2.1491 3.9108 -0.5297 -0.5933 -1.088 -1.3434 0.3427 -0.6661 -0.623 -2.9537 -1.9994 -0.8615 -0.7349 -2.6404 -2.8752 -3.3798 -1.1615 -2.8828 -4.0052 -3.8945 -3.4918 -1.391 -2.3294 -0.7213 0.0186 1.1708 -2.2094 -2.1482 -3.5334 0.8652 1.499 0.7079 -2.0614 1.5943 1.3096 0.172 1.0097 2.1194 3.3451 -1.8731 -0.9203 0.4308 -0.6992 2.6034 
-3.919192 -3.757576 -3.515152 -3.191919 -2.949495 -2.868687 -2.787879 -2.626263 -2.30303 -2.222222 -2.060606 -1.979798 -1.89899 -1.818182 -1.575758 -1.494949 -0.8484848 -0.7676768 -0.2828283 -0.2020202 -0.1212121 -0.04040404 0.04040404 0.1212121 0.2020202 0.3636364 0.6060606 0.6868687 0.7676768 0.8484848 1.333333 1.494949 1.737374 1.818182 1.89899 1.979798 2.222222 2.30303 2.464646 2.545455 2.707071 2.787879 2.868687 2.949495 3.030303 3.111111 3.191919 3.353535 3.434343 3.838384 
-0.1198 2.1807 3.4656 0.5867 1.3204 0.5313 -0.9635 -4.3656 -2.0436 -1.5329 -1.9938 -1.1396 1.0194 2.2169 -1.5979 -2.8277 -0.3036 0.8091 1.0197 1.6808 1.0214 1.6981 0.8255 0.1144 -1.4619 2.9603 -1.8209 -1.6737 -0.5945 2.4304 0.6147 -0.1554 -3.2118 -1.5573 0.2218 0.0877 0.7246 1.6261 -2.3207 2.2057 0.68 -3.2295 1.7883 0.5028 0.5412 0.346 -1.5828 1.2009 1.6699 -0.3895 
-4 -3.919192 -3.838384 -3.757576 -3.515152 -3.434343 -3.353535 -3.272727 -3.111111 -2.868687 -2.707071 -2.545455 -2.30303 -1.979798 -1.818182 -1.656566 -1.494949 -1.333333 -0.9292929 -0.7676768 -0.6868687 -0.5252525 -0.3636364 -0.04040404 0.2020202 0.3636364 0.4444444 0.6060606 0.7676768 0.9292929 1.414141 1.575758 1.737374 1.818182 1.89899 2.30303 2.383838 2.464646 2.545455 2.626263 2.707071 2.787879 2.868687 2.949495 3.111111 3.434343 3.59596 3.838384 3.919192 4 
-0.4059 0.6963 -2.3815 0.4735 2.1871 -1.3931 -0.6905 1.3457 -0.1024 -0.9275 0.574 1.5052 -1.3076 0.9706 1.4955 2.5447 2.692 5.6944 -1.6106 -2.4096 -3.6602 -1.1902 -1.552 1.9512 -4.2276 -1.4457 -0.6648 2.4211 -2.8884 0.3174 3.3202 1.3986 0.2581 1.5913 -1.84 -1.0281 -1.0463 -0.8707 -2.4075 -1.569 -1.6834 -2.4844 -3.3627 -3.5035 -2.1051 1.9358 1.867 0.1676 -2.602 0.1811 
-3.919192 -3.757576 -3.434343 -3.272727 -3.191919 -2.949495 -2.868687 -2.626263 -2.464646 -2.383838 -2.222222 -2.141414 -1.89899 -1.818182 -1.656566 -1.575758 -1.494949 -1.414141 -1.333333 -1.090909 -0.9292929 -0.6060606 -0.2828283 -0.1212121 0.4444444 0.6060606 0.6868687 0.7676768 1.010101 1.090909 1.171717 1.252525 1.333333 1.414141 1.818182 1.89899 1.979798 2.141414 2.30303 2.383838 2.464646 2.626263 2.707071 2.787879 2.949495 3.030303 3.111111 3.515152 3.676768 3.838384 
0.2826 0.0565 -3.4164 -2.2184 -1.9068 2.6344 2.3979 2.8297 0.8871 0.5521 0.2811 1.5675 0.1618 -0.717 1.1704 0.248 -3.3508 -3.0993 -4.1146 -2.9366 -5.0553 -1.0843 -0.6938 1.5784 -1.3195 3.3738 3.9433 1.5158 0.4368 -0.9256 2.6764 1.3682 3.7041 -0.0942 0.4534 0.9926 0.3131 1.5854 -3.8928 -3.4606 -2.2218 1.6653 2.9345 2.094 1.8183 0.4166 -1.2073 0.8901 1.414 -1.1123 
-4 -3.919192 -3.838384 -3.757576 -3.59596 -3.515152 -3.353535 -2.949495 -2.545455 -2.30303 -2.141414 -1.89899 -1.737374 -1.333333 -1.252525 -1.171717 -1.010101 -0.8484848 -0.7676768 -0.4444444 -0.2828283 -0.1212121 0.04040404 0.1212121 0.2828283 0.6060606 0.6868687 0.8484848 0.9292929 1.090909 1.171717 1.252525 1.414141 1.494949 1.575758 1.979798 2.060606 2.222222 2.30303 2.545455 2.626263 3.111111 3.191919 3.272727 3.434343 3.515152 3.757576 3.838384 3.919192 4 
-1.4743 -0.637 -2.6287 -2.1208 -0.1137 -2.4318 -1.4943 1.1554 2.0875 1.5864 3.9375 -0.3819 1.9494 -2.7156 -2.9585 -0.2592 0.0263 0.1231 1.7092 0.5338 -1.9955 -0.1371 -2.5812 -1.8351 -1.8006 -2.8496 -3.7818 0.3452 1.4087 3.7079 1.1145 1.0401 0.185 -2.0325 -4.6062 2.3667 0.899 -0.5804 1.9851 -0.4739 0.3702 2.0149 1.9845 2.5197 -0.532 -3.4809 -2.9919 0.485 -1.1446 -3.6259 
-4 -3.919192 -3.757576 -3.59596 -3.434343 -3.353535 -3.272727 -3.191919 -3.111111 -2.626263 -2.545455 -2.30303 -2.141414 -2.060606 -1.89899 -1.818182 -1.737374 -1.656566 -1.414141 -1.333333 -0.9292929 -0.7676768 -0.6868687 -0.6060606 -0.1212121 -0.04040404 0.1212121 0.2020202 0.4444444 0.6060606 0.6868687 0.7676768 1.090909 1.171717 1.414141 1.575758 1.656566 1.818182 1.89899 2.060606 2.222222 2.707071 2.868687 3.030303 3.272727 3.353535 3.434343 3.515152 3.919192 4 
-3.3623 -1.7146 0.0879 -0.7949 -0.4694 -2.5125 0.5403 0.4237 1.2733 0.9159 -2.5451 -3.2203 -0.7041 0.1823 -0.9465 -0.4638 1.6832 0.8822 -2.4261 -0.1616 -3.4833 -0.5405 1.7527 1.8607 0.6877 -0.3607 1.2437 0.1229 -0.0558 -0.758 1.3419 0.9103 1.139 1.3094 2.1501 1.1512 1.0206 3.3446 0.5503 2.1829 -0.9429 -0.4475 -2.034 4.6162 2.5056 -3.6531 -0.5105 1.4568 -1.6656 -0.5939 
-4 -3.757576 -3.676768 -3.59596 -3.191919 -3.111111 -3.030303 -2.949495 -2.868687 -2.545455 -2.383838 -2.060606 -1.979798 -1.89899 -1.656566 -1.575758 -1.494949 -1.252525 -1.171717 -1.010101 -0.9292929 -0.7676768 -0.6868687 -0.6060606 -0.5252525 -0.1212121 -0.04040404 0.2020202 0.3636364 0.6868687 1.010101 1.090909 1.171717 1.252525 1.333333 1.575758 1.737374 1.818182 1.89899 2.222222 2.383838 2.464646 2.787879 2.868687 3.515152 3.59596 3.757576 3.838384 3.919192 4 
1.5538 -0.6199 -1.2457 -2.0633 2.9363 3.2188 -1.1548 -1.3947 -1.7883 -2.1585 1.8527 -1.5537 1.2079 0.9557 -1.9192 -0.7671 -3.8015 0.8586 0.4861 -0.5018 -0.1014 0.9636 -0.2719 2.0104 0.9122 2.8086 0.1577 -1.6897 -1.9271 2.272 3.6398 3.8844 -0.7877 2.6304 1.4424 -0.4998 -2.1864 -1.6262 -3.6101 -2.1271 0.1626 -0.3879 -0.4384 -0.9318 0.359 -0.9918 -0.5455 2.1698 0.9651 -0.4971 
-3.919192 -3.757576 -3.515152 -3.434343 -3.353535 -3.030303 -2.868687 -2.707071 -2.626263 -2.545455 -2.222222 -1.979798 -1.89899 -1.818182 -1.656566 -1.575758 -1.494949 -1.414141 -0.8484848 -0.7676768 -0.6868687 -0.6060606 0.04040404 0.2020202 0.2828283 0.3636364 0.4444444 0.5252525 0.6868687 1.171717 1.333333 1.414141 1.494949 1.575758 1.656566 1.737374 1.89899 2.060606 2.141414 2.222222 2.383838 2.545455 2.626263 2.707071 2.949495 3.030303 3.353535 3.59596 3.676768 3.838384 
-0.8048 1.5839 6.6769 7.3227 8.1256 4.7393 0.7254 -0.2596 -1.4475 -1.5719 -0.9371 3.3537 4.466 6.1794 7.0543 5.5314 4.8328 4.1079 0.5249 -1.2573 -2.8894 -4.5023 -3.1546 -0.6067 0.5117 0.0616 -0.8403 -0.4842 0.4919 5.9228 5.723 4.1284 2.2466 0.1374 -2.8349 -5.0904 -6.718 -5.2199 -3.445 -1.2532 0.3778 0.6784 -0.4695 -0.4452 -1.8637 -1.8578 -1.505 -2.8163 -3.0172 -2.8335 
-3.757576 -3.59596 -3.515152 -3.272727 -2.949495 -2.707071 -2.626263 -2.545455 -2.383838 -2.30303 -2.222222 -2.141414 -2.060606 -1.818182 -1.414141 -1.333333 -1.010101 -0.7676768 -0.6868687 -0.6060606 -0.5252525 -0.4444444 -0.2828283 -0.2020202 -0.1212121 -0.04040404 0.04040404 0.1212121 0.2020202 0.2828283 1.171717 1.414141 1.656566 1.818182 1.979798 2.060606 2.141414 2.464646 2.545455 2.626263 2.707071 2.787879 2.949495 3.191919 3.272727 3.353535 3.434343 3.676768 3.757576 4 
-6.8446 -7.9092 -6.4654 -0.0572 4.4825 -4.2616 -5.8093 -7.3731 -5.1236 -2.7452 0.7299 2.5385 3.4856 -1.345 -4.7566 -3.0275 -0.6879 1.6188 2.0151 1.6659 1.1834 -0.1472 0.0032 1.3971 2.8485 3.4159 4.1671 4.1948 3.857 1.9019 -0.2904 1.3387 5.2408 6.4651 4.616 2.3174 0.5336 -0.3603 -0.1797 -0.1758 0.9711 1.3204 0.9546 -0.4748 -0.7794 -0.2956 2.0113 1.4648 1.5928 -0.3719 
-4 -3.838384 -3.757576 -3.676768 -3.434343 -3.111111 -2.949495 -2.787879 -2.626263 -2.464646 -2.30303 -2.141414 -1.979798 -1.737374 -1.494949 -1.414141 -1.333333 -1.171717 -1.010101 -0.7676768 -0.6868687 -0.2020202 -0.04040404 0.04040404 0.1212121 0.2020202 0.5252525 0.7676768 0.8484848 1.171717 1.252525 1.333333 1.575758 1.818182 1.89899 1.979798 2.222222 2.30303 2.383838 2.464646 2.545455 2.707071 2.868687 2.949495 3.030303 3.111111 3.272727 3.515152 3.757576 3.838384 
-2.5323 0.3776 1.9091 2.8285 4.8081 3.4464 2.1573 2.5374 1.2042 -1.7759 -3.2604 -2.2649 -0.1806 3.5979 4.2223 4.2135 4.1796 2.9509 1.8609 -0.2605 -1.2072 -4.5902 -3.2248 -2.5301 -1.6328 -1.896 2.206 0.6731 0.9683 2.8189 3.6613 4.8285 7.0172 3.0402 1.9809 -0.8663 -7.7757 -8.147 -8.6517 -7.4759 -5.5335 -2.1154 -1.0508 -1.2336 -0.7261 -0.2356 1.4834 -2.3944 -0.9719 1.2196 
-4 -3.919192 -3.676768 -3.111111 -3.030303 -2.545455 -2.30303 -2.222222 -2.141414 -2.060606 -1.979798 -1.89899 -1.737374 -1.656566 -1.494949 -1.252525 -0.7676768 -0.6868687 -0.3636364 -0.2020202 -0.04040404 0.2020202 0.4444444 0.6060606 0.6868687 0.8484848 0.9292929 1.010101 1.171717 1.656566 1.818182 1.89899 1.979798 2.141414 2.222222 2.383838 2.464646 2.545455 2.626263 2.707071 2.787879 2.949495 3.111111 3.272727 3.353535 3.59596 3.757576 3.838384 3.919192 4 
5.4717 5.8317 0.6994 -0.3217 0.1629 1.0049 0.7631 -0.9388 -1.8453 -3.0243 -3.5828 -4.3329 -2.3654 -2.7014 0.2928 -1.581 -1.4519 0.2645 7.4211 7.4972 5.1926 2.157 1.4477 0.9652 2.6148 1.8787 1.8754 1.1262 -0.344 5.4939 8.1286 7.9208 8.616 8.7894 8.5065 8.6867 8.0894 7.6992 8.7697 9.6858 8.702 9.6302 7.7609 4.9879 2.5594 -0.4776 -0.6301 0.3247 1.5251 1.1597 
-4 -3.919192 -3.838384 -3.59596 -3.272727 -3.191919 -3.111111 -3.030303 -2.787879 -2.545455 -2.464646 -1.979798 -1.89899 -1.737374 -1.656566 -1.575758 -1.333333 -1.252525 -1.171717 -0.8484848 -0.7676768 -0.6868687 -0.6060606 -0.3636364 -0.2828283 0.2828283 0.6060606 0.9292929 1.010101 1.090909 1.252525 1.333333 1.414141 1.494949 1.575758 1.656566 1.737374 1.818182 1.89899 2.222222 2.383838 2.545455 2.707071 2.787879 2.949495 3.111111 3.191919 3.272727 3.353535 3.676768 
4.1867 1.8484 -0.0987 -3.5381 -3.3244 -2.5203 -1.146 -0.8166 1.5701 0.2379 -0.2194 -0.9547 -0.5159 0.0782 1.473 2.648 3.2389 1.1235 -1.3276 -4.4072 -1.4358 0.5708 2.5838 1.1745 0.3646 6.7075 5.9753 1.684 0.9744 -0.7146 -1.5424 -0.6598 -2.2269 -0.227 -0.953 -0.4254 -1.4014 -1.6749 -2.0183 -1.6049 -0.7724 0.8524 2.385 3.4576 1.7105 1.1322 0.2174 -0.3205 -0.5763 -0.1002 
-4 -3.515152 -3.434343 -3.272727 -3.191919 -3.030303 -2.949495 -2.868687 -2.787879 -2.30303 -2.222222 -1.737374 -1.575758 -1.414141 -1.333333 -1.171717 -1.090909 -0.9292929 -0.6868687 -0.3636364 -0.2020202 -0.04040404 0.04040404 0.2020202 0.5252525 0.7676768 0.8484848 0.9292929 1.010101 1.090909 1.252525 1.333333 1.414141 1.494949 1.575758 1.737374 2.141414 2.30303 2.383838 2.464646 2.626263 2.787879 2.868687 3.191919 3.353535 3.515152 3.59596 3.757576 3.919192 4 
-0.438 -4.0594 -2.9253 1.6041 2.9567 3.9143 4.0328 3.4203 1.9582 -0.981 0.6224 -1.9554 0.9754 3.1734 3.7301 0.7204 -1.2337 -4.6577 -4.3861 -5.3979 -4.1772 -0.5057 2.5641 4.8627 2.8775 3.1074 3.9727 4.9031 4.4803 4.0527 3.0797 2.2123 2.4334 0.6635 0.7092 0.4863 -1.2303 0.4269 0.7074 1.9443 -0.2611 -2.4973 -1.8723 1.5056 3.2108 4.0543 3.6325 2.6972 -1.2797 -1.7915 
-4 -3.757576 -3.676768 -3.434343 -3.353535 -3.272727 -3.111111 -3.030303 -2.949495 -2.787879 -2.707071 -2.383838 -2.222222 -2.141414 -1.979798 -1.89899 -1.414141 -1.171717 -1.090909 -0.9292929 -0.8484848 -0.7676768 -0.6868687 -0.6060606 -0.2828283 0.2020202 0.2828283 0.4444444 0.6060606 0.7676768 0.8484848 0.9292929 1.010101 1.090909 1.494949 2.141414 2.383838 2.787879 2.868687 2.949495 3.030303 3.111111 3.272727 3.353535 3.434343 3.59596 3.676768 3.757576 3.919192 4 
-0.612 0.0271 2.0264 2.0692 1.0139 1.5767 0.6614 0.0501 -0.7697 -1.3441 -0.6834 7.7056 5.9733 2.356 -3.4692 -5.7281 -8.2659 -4.116 -1.6918 3.2774 3.6402 3.801 2.9033 2.8199 2.06 -0.8435 0.304 3.3301 4.829 3.6628 3.3067 2.8999 2.3481 4.4591 7.5277 -6.6663 -6.1573 0.3079 0.6156 0.923 -0.6723 -0.1038 -1.5758 -0.568 -0.5558 -0.8784 -0.5054 -0.5006 1.8817 3.1503 
-3.676768 -3.59596 -3.515152 -2.707071 -2.464646 -2.383838 -2.30303 -2.141414 -2.060606 -1.979798 -1.89899 -1.818182 -1.737374 -1.656566 -1.575758 -1.090909 -1.010101 -0.9292929 -0.7676768 -0.6060606 -0.5252525 -0.2020202 -0.04040404 0.04040404 0.2020202 0.2828283 0.3636364 0.5252525 0.6868687 0.7676768 0.9292929 1.090909 1.333333 1.494949 1.656566 1.737374 2.060606 2.141414 2.30303 2.383838 2.545455 2.707071 2.868687 3.111111 3.272727 3.353535 3.59596 3.757576 3.838384 3.919192 
2.7922 2.2626 0.2474 -7.2787 -2.7007 -0.7719 0.2823 0.7019 0.671 -1.8715 -2.5726 -2.2883 -1.474 -1.4166 -0.3246 4.9854 4.4882 3.7588 2.0281 0.4406 -0.677 1.7795 3.3247 3.7446 2.3521 1.7083 2.1051 1.9588 2.3164 1.3739 0.7509 0.9831 4.3592 4.3166 2.5721 2.4709 -1.2661 -2.0124 -2.6853 -3.2897 -5.2657 -5.8127 -4.3071 -1.5195 -0.1767 0.5991 0.8222 0.0527 -0.6682 -0.337 
-4 -3.919192 -3.676768 -3.272727 -3.111111 -3.030303 -2.949495 -2.787879 -2.707071 -2.383838 -2.222222 -1.979798 -1.818182 -1.737374 -1.656566 -1.575758 -1.494949 -1.414141 -1.090909 -0.7676768 -0.6868687 -0.5252525 -0.2828283 -0.04040404 0.1212121 0.2020202 0.5252525 0.6868687 0.7676768 0.9292929 1.010101 1.090909 1.171717 1.414141 1.575758 1.737374 1.818182 1.979798 2.060606 2.141414 2.464646 2.626263 2.949495 3.191919 3.353535 3.434343 3.515152 3.838384 3.919192 4 
5.0514 5.7863 4.4841 5.5721 3.0419 0.079 -1.0902 -3.3602 -2.4706 -0.1172 1.5009 -1.5375 0.123 1.8366 3.8777 4.797 5.521 5.9087 -3.1824 -2.8857 -1.3209 1.7099 3.1019 3.4491 0.0976 -1.2343 -4.4331 -1.2027 -0.4739 0.1814 -1.5832 -2.869 -3.2176 -2.9147 -2.7385 -2.3552 -1.6833 -1.2482 -0.7057 0.6194 2.7444 2.4607 -0.244 0.1982 2.5039 2.5128 3.2183 5.5203 4.9489 6.4407 
-4 -3.919192 -3.838384 -3.676768 -3.434343 -3.191919 -3.111111 -2.707071 -2.626263 -2.545455 -2.464646 -2.383838 -2.30303 -2.222222 -1.818182 -1.737374 -1.656566 -1.575758 -1.494949 -1.414141 -1.252525 -1.090909 -1.010101 -0.8484848 -0.6060606 -0.4444444 -0.2020202 0.04040404 0.2020202 0.2828283 0.3636364 0.9292929 1.010101 1.171717 1.575758 1.89899 1.979798 2.060606 2.383838 2.545455 2.707071 2.787879 2.868687 3.030303 3.272727 3.515152 3.59596 3.676768 3.757576 3.838384 
4.708 3.7473 2.028 -2.1228 -10.5706 -9.6806 -7.0877 6.5218 8.3994 9.9248 11.1312 10.3476 9.9774 7.0107 -2.192 -4.2589 -3.2308 -2.7032 -1.5436 -0.7912 3.4991 3.8741 4.2212 2.715 -0.1161 -0.7656 -0.0513 -0.0251 1.119 1.8128 3.8057 2.2231 0.8771 0.8121 6.1617 7.206 9.3568 8.23 2.21 2.2922 0.638 -0.1792 -0.9383 -0.898 2.2364 0.8254 0.7643 0.9999 1.0745 0.019 
-4 -3.757576 -3.676768 -3.353535 -3.111111 -2.949495 -2.868687 -2.787879 -2.707071 -2.626263 -2.464646 -2.30303 -2.060606 -1.818182 -1.494949 -1.252525 -0.9292929 -0.6868687 -0.4444444 -0.3636364 -0.2020202 -0.1212121 0.1212121 0.2020202 0.3636364 1.010101 1.090909 1.171717 1.252525 1.414141 1.494949 1.737374 1.979798 2.060606 2.222222 2.30303 2.383838 2.626263 2.707071 2.787879 2.868687 2.949495 3.030303 3.111111 3.272727 3.434343 3.515152 3.676768 3.838384 4 
0.7474 0.5737 0.0049 -1.9809 -3.8239 -6.229 -7.3336 -7.6677 -7.0079 -5.4684 -1.3074 1.0387 -1.3785 -4.1595 -1.9428 -2.521 -4.8368 -3.5204 -2.2664 -2.2544 -2.2793 -2.268 -1.3515 -0.8032 0.2221 -2.4867 -2.5428 -2.274 -1.9433 -1.6763 -1.8809 -2.6564 -2.3287 -2.2002 -2.3527 -2.6644 -2.9207 -2.2467 -1.3518 -0.3228 0.9857 2.3999 3.7283 4.6755 5.2378 4.3736 3.6873 1.9636 -0.1011 -1.6807 
-3.919192 -3.757576 -3.676768 -3.434343 -3.272727 -3.030303 -2.949495 -2.868687 -2.707071 -2.545455 -2.464646 -2.383838 -1.979798 -1.575758 -1.494949 -1.333333 -1.010101 -0.7676768 -0.6868687 -0.5252525 -0.4444444 -0.3636364 -0.2828283 0.04040404 0.1212121 0.2020202 0.2828283 0.3636364 0.5252525 0.6060606 0.8484848 0.9292929 1.090909 1.171717 1.252525 1.414141 1.575758 1.656566 1.737374 1.818182 1.979798 2.222222 2.383838 2.626263 2.787879 3.030303 3.272727 3.757576 3.838384 4 
-4.3922 -4.7279 -4.3921 -0.5444 3.044 4.6112 3.7196 2.2997 -0.2421 -0.9046 -0.7408 -0.5712 0.3919 -1.4804 -1.1013 0.3094 1.0903 0.872 0.5434 -0.2387 -0.1285 0.3373 1.2096 3.3203 2.8952 2.3851 1.9812 1.6658 1.3787 1.1716 0.449 0.0912 -0.8845 -1.4559 -1.9877 -2.6225 -2.3682 -2.0626 -1.6331 -1.2426 -0.9318 -1.0177 -1.1122 -1.9088 -3.607 -3.7794 0.3965 5.0028 5.1051 5.6263 
-3.919192 -3.757576 -3.59596 -3.353535 -3.272727 -3.111111 -2.626263 -2.545455 -2.383838 -2.30303 -1.818182 -1.737374 -1.656566 -1.575758 -1.494949 -1.333333 -1.090909 -0.8484848 -0.5252525 -0.3636364 -0.1212121 -0.04040404 0.1212121 0.2020202 0.2828283 0.3636364 0.6060606 0.6868687 0.7676768 1.171717 1.333333 1.494949 1.656566 1.818182 1.89899 2.060606 2.222222 2.383838 2.464646 2.787879 3.030303 3.111111 3.191919 3.272727 3.515152 3.59596 3.676768 3.757576 3.919192 4 
1.326 2.2215 2.9456 2.6834 2.188 0.5574 -3.7345 -3.4289 -2.0608 -1.3645 0.8973 1.9668 3.3573 5.1042 6.7621 8.7346 7.7574 4.2057 -2.1985 -2.0613 0.6845 1.3822 1.4339 0.6202 -0.6437 -1.9323 -3.469 -3.0777 -2.604 -2.527 0.1326 2.6547 3.0367 1.9674 1.2011 0.1002 0.6828 2.8163 3.8111 5.477 2.8493 1.3561 0.1503 -0.6598 -1.2146 -1.1767 -0.9866 -0.4998 1.4962 2.7499 
-4 -3.757576 -3.676768 -3.59596 -3.515152 -3.272727 -3.191919 -3.030303 -2.949495 -2.868687 -2.707071 -2.545455 -2.383838 -2.222222 -2.141414 -1.979798 -1.89899 -1.818182 -1.737374 -1.575758 -1.414141 -1.333333 -1.010101 -0.8484848 -0.6868687 -0.6060606 -0.4444444 -0.3636364 -0.2020202 -0.04040404 0.2020202 0.2828283 0.6060606 0.6868687 0.9292929 1.090909 1.171717 1.333333 1.414141 1.575758 1.737374 1.89899 1.979798 2.141414 2.30303 2.464646 2.707071 2.868687 3.838384 3.919192 
-3.857 -3.3428 -2.4913 -1.5908 -0.426 3.7648 4.7624 4.9349 4.2644 3.4912 1.6566 -0.3212 -2.3793 -3.4221 -3.1355 -1.1419 0.1414 1.0581 1.4619 0.522 -1.8882 -2.904 -2.639 -1.7903 -1.4069 -1.094 0.472 1.4701 3.0702 2.8986 0.5037 -0.2452 0.1857 0.358 -0.2114 0.6907 1.7336 3.613 3.7766 2.514 1.9179 3.7838 4.9291 5.9766 4.8355 2.9272 0.6293 -0.3484 4.4058 4.3354 
-3.838384 -3.757576 -3.676768 -3.515152 -3.434343 -3.353535 -3.191919 -3.030303 -2.626263 -2.464646 -2.30303 -1.656566 -1.494949 -1.414141 -1.333333 -1.090909 -0.9292929 -0.8484848 -0.7676768 -0.6868687 -0.2828283 -0.1212121 -0.04040404 0.04040404 0.1212121 0.2828283 0.5252525 0.6868687 0.9292929 1.010101 1.090909 1.171717 1.252525 1.333333 1.414141 1.737374 1.818182 2.141414 2.222222 2.30303 2.383838 2.626263 2.707071 2.787879 3.111111 3.272727 3.353535 3.59596 3.757576 3.919192 
-0.3673 -0.1406 0.2158 1.2484 1.6911 1.6511 -0.0087 -2.8905 -1.6417 2.4176 4.5113 -0.2942 -0.9113 -1.4866 -2.1278 -2.7369 -2.319 -2.0487 -1.4027 -0.3187 4.4185 3.164 2.3437 1.8173 1.3873 0.8102 1.3452 2.452 3.9746 4.1729 4.1791 4.0254 3.7124 3.2587 2.8482 1.2214 0.7456 -1.3941 -1.855 -2.0503 -1.7303 1.881 3.3029 4.3991 3.9654 1.4866 0.3097 -1.9429 -2.3696 -1.7654 
-4 -3.919192 -3.838384 -3.757576 -3.59596 -3.434343 -3.272727 -3.191919 -2.787879 -2.707071 -2.545455 -2.383838 -2.30303 -2.060606 -1.818182 -1.737374 -1.575758 -1.494949 -1.333333 -1.171717 -1.010101 -0.9292929 -0.8484848 -0.6868687 -0.6060606 -0.04040404 0.04040404 0.2020202 0.2828283 0.3636364 0.5252525 0.7676768 0.8484848 0.9292929 1.090909 1.171717 1.414141 1.818182 2.222222 2.383838 2.626263 2.707071 2.868687 2.949495 3.030303 3.191919 3.676768 3.757576 3.838384 4 
2.3074 2.5952 2.0798 1.0455 -2.2579 -4.6442 -4.2632 -3.2279 1.8078 2.2409 3.5059 4.3568 4.0375 1.3573 0.8656 1.6072 3.0481 3.1674 1.2704 -2.0301 -2.8923 -1.8213 -0.0595 3.9164 5.417 2.6856 1.8662 0.0507 -0.8919 -1.9174 -3.5357 -3.8838 -3.1666 -2 0.3497 0.8755 -0.9374 -1.1549 4.721 5.7968 4.186 3.0545 1.1255 0.7626 0.6542 0.7155 -0.7108 -1.4928 -2.4489 -4.3814 
-4 -3.838384 -3.676768 -3.353535 -3.191919 -3.111111 -3.030303 -2.949495 -2.868687 -2.787879 -2.383838 -2.30303 -1.979798 -1.89899 -1.818182 -1.737374 -1.656566 -1.575758 -1.494949 -1.333333 -1.252525 -1.171717 -1.090909 -0.9292929 -0.8484848 -0.7676768 -0.6868687 -0.6060606 -0.4444444 -0.2020202 -0.04040404 0.04040404 0.1212121 0.2020202 0.2828283 0.3636364 1.090909 1.252525 1.575758 1.656566 1.737374 2.30303 2.626263 2.787879 2.868687 2.949495 3.030303 3.111111 3.272727 3.676768 
0.1996 0.8984 1.2534 -1.8161 -1.9909 -1.4127 -0.4872 0.4468 1.0546 1.4037 -2.6876 -3.3988 -2.1113 -1.1206 0.0199 0.9291 1.5851 1.7505 1.5595 1.2018 1.5263 2.1333 2.5756 2.5126 1.6996 0.7589 -0.4061 -1.2524 -2.4334 -1.996 -0.8934 -0.241 0.5311 1.3731 2.1003 2.7666 6.0414 6.0439 -0.1577 -1.2418 -1.4763 0.9289 -4.0548 -5.209 -5.5859 -5.9072 -5.8733 -5.3198 -3.7034 -6.5506 
-4 -3.59596 -3.434343 -3.272727 -3.191919 -3.111111 -3.030303 -2.868687 -2.787879 -2.626263 -2.545455 -2.30303 -2.222222 -2.141414 -2.060606 -1.89899 -1.737374 -1.656566 -1.414141 -1.333333 -1.171717 -1.090909 -0.9292929 -0.6868687 -0.5252525 -0.3636364 -0.2828283 -0.1212121 0.04040404 0.2828283 0.4444444 0.6868687 0.7676768 0.8484848 1.010101 1.252525 1.414141 1.656566 1.89899 2.060606 2.222222 2.30303 3.030303 3.111111 3.353535 3.434343 3.59596 3.676768 3.838384 3.919192 
3.236 0.356 1.9892 2.5411 2.2023 1.8717 1.6286 1.5276 1.5025 0.5218 -0.218 -2.8233 -3.6392 -4.2722 -4.3729 -2.8951 -0.9121 -0.4833 -1.4563 -1.8739 -2.0636 -1.6575 0.411 2.599 0.89 -0.8748 -1.1153 -0.5975 -0.7609 -1.281 -0.7836 -0.4948 -0.8202 -1.2969 -1.8692 -1.3717 -0.703 0.2047 2.0251 2.8579 2.8293 2.9039 1.778 1.3119 -2.1387 -3.2207 -3.7242 -3.2113 -1.1539 -0.1146 
-4 -3.919192 -3.676768 -3.59596 -3.515152 -3.434343 -3.272727 -3.030303 -2.787879 -2.545455 -2.464646 -2.383838 -1.979798 -1.656566 -1.575758 -1.252525 -1.010101 -0.7676768 -0.6060606 -0.4444444 -0.3636364 -0.2828283 -0.04040404 0.1212121 0.2828283 0.8484848 0.9292929 1.171717 1.252525 1.333333 1.414141 1.737374 1.89899 2.141414 2.30303 2.383838 2.626263 2.787879 2.868687 2.949495 3.030303 3.111111 3.191919 3.353535 3.515152 3.59596 3.676768 3.838384 3.919192 4 
3.5499 1.8259 -1.9322 -2.1173 -1.8782 -1.439 -0.1191 -1.0519 -6.9601 -7.2573 -5.4688 -3.283 2.3067 -0.5868 -1.578 -3.3413 -3.665 -3.4107 -3.3627 -3.0142 -2.5011 -1.7628 0.4006 -0.1531 -1.7439 -1.6056 -0.6224 3.5626 5.3349 6.9519 8.0257 6.7976 5.858 2.9509 0.5177 0.3176 3.6611 5.0041 5.0773 4.8269 4.5804 4.3169 4.0499 2.7358 0.5054 -0.4909 -1.1541 -1.018 -0.5494 -0.017 
-3.919192 -3.59596 -3.434343 -3.353535 -3.191919 -2.707071 -2.626263 -2.383838 -2.30303 -2.222222 -2.141414 -2.060606 -1.89899 -1.333333 -1.252525 -1.171717 -1.010101 -0.9292929 -0.5252525 -0.4444444 -0.3636364 -0.2828283 -0.2020202 0.04040404 0.1212121 0.2828283 0.6868687 0.7676768 0.8484848 1.090909 1.171717 1.252525 1.333333 1.414141 1.656566 1.737374 1.818182 1.89899 1.979798 2.141414 2.222222 2.707071 2.868687 3.030303 3.191919 3.272727 3.353535 3.676768 3.838384 4 
-5.723 -4.6856 -3.8662 -3.5093 -2.8853 -3.0239 -2.8008 -3.1528 -3.4117 -3.3817 -2.8567 -1.8105 0.7949 2.3011 3.1626 4.0564 4.6362 4.2101 0.4107 -0.0699 -0.5974 -1.0565 -1.6793 -1.9047 -1.3216 0.7686 2.0596 1.2447 0.561 0.65 1.3493 1.7646 1.6485 0.7252 -3.7073 -4.3058 -4.1442 -3.3636 -2.4442 -1.4822 -1.6117 2.5708 3.1434 3.6038 4.2061 3.9947 3.2222 -1.5783 -2.1116 -1.5568 
